x,y,z
0.016764402,0.050498247,0.013630867
-0.44589293,0.35869646,1.2483454
-0.10915828,0.2740023,0.4373207
-0.5739845,-0.16174197,0.50972843
-0.3029939,-0.23835635,0.20670795
-0.2506107,0.4235928,-0.82079124
-0.08071196,-0.10584378,0.13664246
0.10770249,-0.3910532,-1.023459
-0.018410802,0.10215235,-0.37613678
0.26709378,-0.49237585,-0.5625081
0.08359945,-0.5848036,-0.36153698
0.6097246,-0.37887096,-0.71558714
0.117476225,0.001156807,0.076793194
0.4092239,-1.113234,-1.0724883
0.35996974,-0.11334467,-0.66953707
0.1522339,-0.99344635,-0.3672123
0.048396528,-0.83193874,-0.17219257
0.1780735,-0.40832567,0.45980835
0.14461282,-0.15253592,0.033788204
-0.05761212,0.31303072,0.3234849
0.021355212,-0.15208673,0.18864298
-0.07367313,0.32557678,0.36130095
-0.0027144551,0.1409483,0.17760229
0.09632927,0.2878723,0.45383406
-0.0042376816,0.09383297,0.23682356
-0.076262,0.12747383,0.44116974
0.020145267,0.101502895,0.1183939
-0.23687017,0.4802122,0.32860088
-0.0075616837,0.09741211,0.2271595
-0.36186284,0.40098,-0.12583351
-0.13352573,0.098801136,0.040517807
-0.2432822,0.2333169,-0.17479801
-0.12505472,0.12787104,-0.23138905
-0.1980213,0.11861229,-0.114377975
-0.09455562,0.08050871,-0.025701523
-0.16930807,-0.11089659,-0.14056492
-0.08230829,0.028625488,-0.06544495
0.23079622,-0.55628824,-0.31003523
-0.030035973,-0.2089243,-0.034467697
-0.036078215,-0.74662685,0.014715672
0.11634815,-0.29549932,-0.20510244
-0.13699305,-0.4649315,-0.25997782
-0.12598288,-0.22094154,0.16918564
-0.0070791245,-0.1950326,-0.5460081
0.010792255,-0.008366585,-0.32799292
0.088118434,0.039081573,-0.32636976
-0.03707373,-0.007165909,-0.12460041
0.008450985,-0.00918293,-0.12418032
0.09121692,0.027833939,-0.11778307
0.055314302,-0.07872057,-0.17497969
-0.050406933,-0.08409119,-0.007791519
0.0612092,-0.18406296,-0.0647459
0.019254088,-0.11933231,-0.10272932
-0.08727622,-0.07790518,-0.05808544
0.019225478,-0.06824684,0.06089163
-0.16084433,-0.3271513,0.06501961
-0.04777789,-0.06687403,0.02322483
-0.21138823,0.023088932,-0.30232
-0.055609345,-0.1553073,-0.005013466
-0.12293041,0.18101215,-0.43224955
-0.006657839,0.088265896,-0.08510399
-0.08700466,0.13770151,-0.3532629
-0.17366922,0.0804677,-0.17399025
0.020628572,0.05916071,-0.5342655
0.005540848,-0.05254221,-0.07837582
0.035724282,-0.40137625,-0.14669466
0.027460575,0.11393309,-0.45857
-0.0069419146,-0.08797264,0.2688651
-0.021297812,-0.20799923,0.07094288
-0.20056987,-0.13005495,0.39629745
-0.04868555,0.12975311,0.123385906
-0.08019197,0.15659142,0.7930136
-0.09729147,-0.19244862,0.19953823
0.5675043,0.65063906,0.48625946
0.016905427,0.17737198,0.33265877
0.87962747,0.27440834,0.47798777
0.3576349,0.3089304,0.17566824
0.8034948,0.1302948,0.4112239
0.3809275,-0.15718079,0.10995436
-0.24960345,-0.8989186,1.7895994
0.24324581,0.0023655891,0.5079107
-0.8203908,0.5531378,0.58248806
-0.322788,-0.21906805,0.7895756
-0.9620029,2.03718,-0.7220354
-0.37204802,0.6786213,-0.35637474
-0.9797387,0.90473056,0.72806835
-0.27613878,1.0387144,-0.27259922
-0.7145624,0.7827637,0.12279987
-0.45578766,0.0029747486,0.6669903
0.21854806,1.1143456,-1.234128
-0.12827969,0.5047898,-0.3056383
0.3959751,0.20967627,-0.9326401
0.28100538,0.6183964,-0.609148
0.64412713,-0.60634327,-0.7637334
0.21610832,-0.26700878,-0.32943153
0.32678092,-0.8864646,0.1431222
0.23978579,-0.14902234,-0.19493961
-0.2050929,-0.40796113,-0.14161634
0.14914942,-0.5369072,0.013560772
0.02650249,0.70446515,-1.4883676
-0.15312254,0.25319242,-0.14810324
1.4113064,-1.1848392,-2.1664407
0.39604837,0.12583375,-1.2455511
-0.12193978,-0.4006052,-0.16431713
0.30809534,-0.9106746,0.23960257
-2.145689,-0.8463855,-2.5572736
-0.2807188,-0.14022732,-0.7586535
-5.197907,-5.598325,0.24229908
-0.9592743,1.5272565,-2.9125714
-3.4011698,-1.6856747,4.3693066
-3.439355,1.136858,5.557541
-1.0151958,-2.4902182,-6.2053876
-0.9362631,-3.1061087,-2.4943213
0.1163702,-0.044966698,-0.07327044
-0.24577236,-0.49765873,-2.7146084
2.0599275,2.5361533,-1.0447547
-0.19861221,0.54900265,1.2053466
2.1498709,1.7304215,-2.5980818
1.1322837,0.86689997,-1.5784965
1.8953309,-1.2471561,-0.16594648
0.71195364,1.121778,-1.1466303
2.5150468,-0.4128914,0.28053212
0.6749337,-0.7407932,0.91503954
0.78744864,0.53720284,2.782928
0.78897285,-0.25225067,0.6287925
1.1929408,0.5112343,0.17564842
0.31605387,0.65969753,-1.4459231
1.2135854,-1.9972782,1.8633754
0.72153217,0.8577528,0.9918304
0.9597746,-4.4432364,1.6200334
0.60506207,-2.5356808,0.483665
0.25852743,-3.1995602,4.469711
0.4565925,-1.1957664,0.8870268
0.35810766,-3.472845,3.3748507
-0.011380479,-1.9100323,3.3397675
-2.707177,-5.4561367,2.7978687
-0.3259518,-1.3865604,-0.55376625
-6.3638144,-10.413641,2.5385513
-1.9490886,-5.5936623,2.5762234
-3.0693083,-3.940033,0.5118246
-3.2085762,-1.0751419,1.0523405
2.2599049,5.238802,1.3584328
-0.8352394,-3.242138,0.7835884
6.365345,14.424723,-3.8701248
2.4020936,4.958269,0.29196548
1.7748446,12.53558,-8.141134
3.2964282,7.8174443,-1.5144444
-1.373179,7.825641,-9.591435
0.1723156,4.8980856,-6.64111
-1.040467,4.549078,-7.6274753
-1.3217187,0.86427164,-2.3900814
-4.4069395,4.9170933,-2.4628172
-0.61700964,4.0938945,-2.976715
0.8998976,-5.8534665,-0.27167797
-1.77,-0.48703963,-1.4671259
1.6437082,0.59540975,6.3394136
1.5836775,-1.6415595,1.3496704
3.1510968,0.6640334,1.3587184
-0.06721091,0.36828673,3.0239778
3.0751934,2.3502626,-2.335144
1.6999732,-0.37288618,-0.9444003
5.2144375,1.8069589,-3.9386768
1.1200178,-1.1450447,0.5468893
9.032544,15.927752,-16.520493
4.800164,9.960854,-9.687454
-20.155867,-16.065428,22.847637
-1.7247701,10.053135,1.5214148
-35.68915,3.4123316,37.59235
-11.60478,-27.8597,2.9441605
42.8167,-40.748657,-10.839866
-39.83722,13.268513,-27.471722
19.26847,-0.88116455,12.138379
3.5441427,40.453903,5.1851234
19.722557,5.42218,5.204727
5.5049543,-11.009937,16.865734
16.290203,-4.2959013,2.142766
11.99786,6.4872627,-4.920208
-4.0970116,-3.8926697,5.2694626
10.727217,-13.949767,2.2416267
-1.7016106,-1.4196343,2.7692661
-3.8594074,-3.5395064,1.9791908
-7.757951,-0.09249878,-0.9398155
-2.441409,2.662146,1.3583164
-5.699682,-0.11658621,-9.838315
-3.2616594,-0.8438239,-2.0689363
-0.9949403,1.0244198,-10.799795
-1.7200906,0.7215166,-4.336091
0.91257,2.6789937,-5.056677
-0.11008263,0.79824734,-3.2561932
2.4900026,-0.091311455,-0.71409714
0.94084644,0.17446852,-1.2461512
1.2778811,1.230231,0.9891125
0.8117151,0.67089367,0.12277967
0.4030428,0.11984968,1.8728896
0.3744011,0.44751763,0.086207435
0.0725975,0.16842508,1.3928611
-0.01636219,0.1476314,1.1013548
0.39558506,-0.82642174,1.2120547
0.10607433,-0.5794754,0.64700294
0.092404366,-0.16706991,0.3389995
0.08212376,0.26542187,0.23994422
0.31151676,-1.2904015,0.39873028
0.09517479,-0.7216611,-0.17538571
-0.10610771,0.03000164,-0.62862825
0.03015709,-0.04975176,0.4327755
-0.3040123,-0.18200588,-0.51521707
-0.11948681,-0.4842329,-0.41861153
-0.10711765,0.77801585,-0.6433222
-0.08387852,0.06735659,-0.14204335
-0.024569511,0.7908654,0.07611179
-0.034111977,0.39736128,-0.5917852
0.33672333,0.07656574,0.25562513
0.0055799484,-0.016886473,0.36126542
0.12615395,0.44887924,0.07491636
0.09146404,0.7101948,-0.19721961
-0.22800064,-0.4464612,0.34572458
-0.044790268,-0.049762487,0.32545948
-0.36270428,-0.5068579,0.2971666
0.22755623,-0.5113287,-0.26030636
-2.476111,-0.6015301,2.180871
-0.6346922,-0.08465052,0.3568654
-6.9858527,1.3938369,0.9148593
-0.09932494,-0.27861333,1.0298743
-11.092985,1.288088,-5.172773
-5.158101,0.30493045,-0.4543879
-2.9288378,3.032955,-7.178448
-4.0748234,0.53751445,-3.3791013
5.1378345,3.8177087,-1.6278563
1.285512,1.9514687,-1.8110371
6.1750135,1.443541,1.1516285
1.6949471,1.1123381,0.46429443
6.610201,-0.5828879,0.20980787
3.2743802,-0.19989967,0.57864094
-4.079522,0.07432628,1.6160812
0.928694,-2.3167534,-3.0063543
-4.964781,-2.8771052,7.2880554
-1.1579028,0.63023496,10.952869
-5.5401874,4.2340736,-2.4872909
-0.34017134,-1.1209157,7.905262
-21.787743,-2.9560604,3.5178852
-6.7240105,0.4264747,-7.2640696
-9.854851,-5.630966,4.3608556
-7.7397957,-6.6775904,4.7691326
-8.099258,-3.2424273,7.152651
-4.8694077,-4.9773083,5.5246506
5.868923,-3.9684782,-2.2378883
-2.3929672,-1.7568245,4.3414154
15.541266,0.7312336,-8.287685
5.960928,4.5775895,-6.5605955
4.7450943,5.652535,-4.7504053
5.3107786,0.8947444,-2.488635
-4.4678745,6.70639,-2.8905754
-0.39398575,3.1842446,-2.2912674
5.0664253,-0.58842695,3.3158631
-1.1183815,1.6429639,2.612485
7.4436755,-5.805497,0.55188656
3.705141,-1.5335383,1.4733114
4.7202897,-1.4227638,-2.083352
2.5842834,-1.8268781,-0.83994865
1.0594134,0.280344,-1.9886446
1.3047309,-0.2603469,-0.63530064
-3.6499825,0.8247695,-1.526696
0.037527084,0.19994259,-0.58175516
-6.564826,1.2817774,-1.4433936
-2.183463,0.6885607,-0.80272126
-4.423687,-0.1354618,1.7632403
-2.5338955,0.9338088,-0.4160738
-4.957485,-1.8938646,1.2338243
-1.2191219,-0.5731087,1.1788492
-3.9888496,-1.2922916,-0.8406491
-2.560526,-0.19576311,0.13925648
1.51931,1.1296563,-3.8687785
-0.9859066,-0.5840626,-1.0417956
8.012661,4.253713,-2.3032339
2.1523972,0.8376608,-2.312232
8.524132,5.2371664,-2.334846
3.6381502,3.2797687,-0.63928413
6.3077717,1.3007298,-0.104216576
2.9521132,1.3825588,-0.7562287
3.6239042,0.825078,0.57022834
1.9684043,0.44377422,0.6560811
1.7041426,-0.19712305,-0.0014874935
1.1488785,0.15578246,-0.08063102
0.39358187,-0.597491,1.1006776
0.75448316,-0.12037301,-0.008080721
-1.2164395,-1.1833514,0.730327
-0.53641963,-0.5152433,0.3999887
-7.424017,-5.4583273,6.27176
0.18106842,-0.24794126,-0.78060627
-13.945933,-12.720388,11.864452
-6.965599,-4.8067884,5.7085342
0.67518425,-5.81761,1.862216
-4.445156,-7.647463,4.7727785
8.5047655,5.9526978,-4.1119375
3.1706648,1.2477398,-1.9359818
8.990415,6.8679504,-5.567746
3.4830134,2.8233604,-1.4058943
6.700348,4.070142,-5.3725247
3.4592545,2.558922,-2.5343652
3.4535449,2.4161131,-3.84841
2.061637,1.0988842,-1.9236166
1.4864671,1.5797553,-1.7245119
1.0340824,0.97886544,-1.2017541
0.52084255,0.070253015,-0.027494669
0.31495166,0.39432377,-0.33631265
0.23221469,-0.850881,0.80219984
0.085793495,0.07754552,0.026139975
-2.5208702,-8.846842,6.9120307
0.34031153,1.4907475,-0.8734238
-14.392578,-11.950861,11.351492
-1.883843,-5.4389906,6.40534
-3.9729738,-3.1974792,0.69926834
-5.9214,-5.2458076,3.0937958
3.3614974,6.853858,-4.73293
0.36930656,2.1493273,-1.2746038
3.4985995,6.485753,-3.337895
1.6154623,3.236105,-1.8910866
2.8711104,4.951811,-3.2574332
1.722589,2.301884,-0.9002981
2.257803,4.2512455,-3.153501
0.7370765,1.7493258,-1.4620197
1.403361,2.3806424,-2.517015
0.95944256,1.7565192,-1.13588
0.5818651,1.6773286,-0.57833123
0.27739173,0.7639679,-0.96466017
-0.9517664,-1.2701285,0.3510242
-0.10041046,0.14326614,0.63071215
-2.5021348,-3.9244397,3.175567
-0.70344496,-0.72039557,-0.26607108
-4.00818,-5.991085,5.647816
-0.046151638,-1.6982832,1.7988405
-2.485797,-4.6510057,4.6050377
-3.10328,-2.2472744,1.6018744
3.2665877,4.38904,-2.911252
0.32541895,-1.3802919,0.48579788
4.7055373,1.4349666,-4.2568436
1.6324836,3.3608477,-0.79829216
-3.4095755,-3.8111944,-5.444878
2.7748275,1.9753609,-2.4427655
-9.736198,-5.411952,5.5832267
-4.8674297,1.818151,1.6732268
2.4332623,-5.0988483,0.8379574
-1.5057583,-1.3080616,-0.81365395
5.4612026,4.308267,-4.9076824
1.3085938,-2.5321712,-1.8078254
4.3694267,4.980512,0.16842198
2.8715155,4.4715858,-0.18334508
0.8065393,-1.1558471,-1.9576201
1.4983824,-2.2260628,0.40812457
0.477826,5.9686146,-4.977697
-0.16307187,0.82275605,-1.2856877
3.165539,13.043834,-8.062906
0.7832586,2.1867194,-1.7034159
-4.2334876,6.428473,3.4178083
1.6821085,5.543848,-3.4621525
-13.910771,-15.740394,23.860718
-4.9480543,0.33345604,4.760889
-5.0530024,1.9832058,13.494117
-2.9519806,-9.636049,10.655792
-12.028425,4.5451612,-24.147856
0.6389942,14.49301,-16.418438
6.660697,-11.929824,4.277257
-5.792036,-7.780654,-1.684742
11.04751,-2.9217548,1.2998779
4.1529284,-3.639717,2.1864655
4.473637,2.1050253,1.6276491
2.8447404,2.1394095,0.6831398
-0.20505333,-0.8265481,3.8879242
1.4684763,-0.96722555,1.0172739
-3.974227,-0.36466408,3.738618
-2.3626947,0.4285636,3.336606
0.16573143,-5.084134,-2.5273275
-1.6254187,-1.7736549,-1.7002335
0.80460835,-1.6070833,-0.9824214
1.4573078,-0.4202137,-0.2870493
1.890357,-0.30111504,-0.5392027
-0.6166601,-1.0461988,-0.5473523
3.4207377,4.915627,-2.346878
2.4804068,-0.12083864,-1.2292545
1.0174489,2.317631,-4.032111
3.3479962,8.893435,-3.2026608
0.37445688,-1.2785852,-5.871232
-0.22156668,0.64044464,-0.45244074
-1.4886842,2.829369,-5.410472
-0.2463727,-2.2513022,-3.9315825
2.8532696,5.943268,-5.6236944
0.47767806,2.4368894,-1.7542896
1.1285534,5.9051814,2.2973232
2.2760155,4.6940937,-3.5878
-13.495428,-13.319256,27.876114
-2.9706678,1.8400795,2.7583914
-4.1215153,-6.6155715,16.863016
-6.325989,-7.404272,18.594746
-1.9463348,20.023058,-17.795124
2.2540932,-11.305006,-8.915765
6.45014,-3.9499762,-0.29404545
-5.5958176,1.6214541,0.1780281
5.154257,1.2783,4.1530523
3.42284,-1.6335505,1.1302614
-0.4924202,4.789485,-5.8332977
0.2992983,3.8206887,0.13878345
-1.2717848,-2.6067164,-1.3867726
0.6647167,1.7165282,-3.3177445
-0.7130728,-6.166005,-4.8508315
-0.6524992,-2.5150852,0.7767563
-2.1077137,-8.083576,-5.4496903
-0.5904541,-1.4009933,-2.1026125
-0.3242607,-2.6480427,-1.9984272
-1.2280312,-3.0891304,-2.1278815
4.5357,0.16203308,-1.4108772
0.81740284,-0.16598034,-0.1643982
4.062725,-0.10622692,-2.3346953
2.43006,-0.21201992,-0.9747591
0.6711073,0.5078697,-0.14730358
1.2523475,0.19479084,-0.89872646
-0.27722836,-0.25534153,-1.079308
-0.13145733,0.06642437,0.16272783
-1.9336061,0.13751411,-0.8443413
-0.18942165,-0.25215912,-0.6920748
-0.8643904,0.46992207,-2.3843384
-1.0956402,0.49228573,0.12429905
-1.4014654,2.5001078,-0.55634785
-0.25031185,-0.02262497,-1.584959
0.15392017,5.198367,1.9597998
-0.7166691,1.8574903,0.8252306
-0.9214182,1.3879914,3.620307
0.93798447,5.2185636,0.018562794
-2.1486168,-2.277491,2.9446816
-0.6472769,0.57728565,1.0387728
-0.72378063,-15.898851,10.532757
-11.333277,24.990772,46.335316
2.5594807,-11.018631,-17.578209
2.552844,-1.1143041,-18.228098
5.587125,-1.5834951,-8.448175
1.7370129,-2.9165406,-4.544154
4.4336905,-1.8114233,-4.60297
2.3548908,1.650907,-3.4546213
2.2334352,-1.6295223,0.7816031
1.5918207,-1.3662071,-0.77617073
1.6945052,1.3658347,6.9425144
-0.381917,1.7567325,1.6406524
0.6289773,-2.6895585,6.840538
0.94957304,0.7517967,0.611578
1.8212996,-0.86726475,3.1403365
-1.3335319,-5.607007,6.304822
3.9778473,-2.7104826,-5.912535
2.8415542,2.5679588,0.009924889
1.2991488,-5.7743187,-1.9549787
-0.24574399,2.1256027,-0.77157974
-2.7238607,-10.125652,3.7230482
2.1027746,-6.4650936,-2.4562182
-5.472911,-10.646826,0.92105436
-2.6767592,-2.0730667,2.7806492
-7.4944525,-10.04855,3.7807846
-2.4259987,-6.293167,-1.5734434
-0.5183439,0.51560974,-1.5601602
-2.1076622,-2.1354637,-0.7579322
4.2117734,16.093739,1.1973772
0.6208153,3.4230785,-1.4309812
5.5810556,19.957664,-6.796754
2.120798,8.2051525,-0.2908883
1.2301309,11.418762,-8.308833
1.9334364,5.5382133,-3.5524564
-1.2939425,1.8037763,-8.17595
-0.19835234,5.178208,-3.5823326
-1.7312522,6.168708,-1.5388069
-0.17943382,2.3360047,-2.818986
0.6988082,-1.5940516,0.46670246
-0.8306918,2.441248,0.86257267
0.6742687,-3.8389206,3.2963767
0.8176694,-2.3588426,-0.119799614
1.5974431,-1.2660254,1.501586
-0.15443468,-0.9634851,2.1776524
3.410104,2.8586016,-2.9871178
0.64711285,-2.2172709,0.1537714
6.583148,9.878513,-6.3494596
1.3125916,2.0532923,2.9021335
2.0965357,6.280257,-5.5941563
5.713403,9.261326,-10.460239
-14.093459,-18.702766,15.459282
-5.769829,0.038778782,6.6500845
-37.104256,17.53735,-37.921738
-18.62888,-13.689585,43.772923
9.416178,-4.3406806,-3.265481
0.8380203,-54.057625,21.421537
16.711176,-8.934103,9.358083
5.842393,34.3025,-17.44719
11.169202,13.869244,14.855133
11.895321,2.3855395,11.393534
6.2431393,-2.5460792,3.8227596
1.1961169,2.0541322,3.4839268
18.213692,-1.630415,-7.9492846
7.965479,-4.6949105,-1.138834
0.49031162,-5.6081023,-2.9537373
7.711691,1.418335,-3.93753
-0.54245186,0.4480481,0.29173183
-3.3397303,-3.8335752,0.8195429
-3.4613256,2.0177321,4.0671587
-0.9005451,1.1871529,3.6188908
-2.366063,0.81494045,-2.5795746
-1.0392714,0.57059526,2.2288284
-5.1700635,1.2201982,-9.578449
-1.488481,0.7885885,-5.3456755
-6.9929123,3.236768,-7.1753407
-2.3287263,0.28641486,-2.813231
-2.5767782,0.6629119,-4.5417333
-3.2902198,1.8692122,-2.883725
-1.1235434,1.9425206,-0.36079574
-0.28389764,0.13383603,-1.0292318
6.66917,1.7374626,1.265847
-0.9874828,0.70591956,0.12214422
14.030485,1.8523009,1.6334457
5.717267,0.4193281,1.043873
0.67874813,1.5616221,0.27581272
5.7207966,0.82322454,-0.709143
-5.6795244,-5.065992,7.426712
-2.9545584,-0.32628855,0.3155861
-12.790091,-2.5394363,5.1711893
-1.5554426,-1.8918576,5.111533
-19.600536,-0.6683583,-11.982557
-8.653864,-1.7056785,-0.38893127
-1.7292013,8.359525,-7.334221
-9.097578,2.1445475,-10.507407
8.271545,-2.0199778,3.837329
2.324214,0.88459706,5.122074
7.9001274,2.0846407,-7.869276
3.9252522,-1.1006377,-1.4676356
11.615491,10.462914,-16.453714
1.899286,2.211256,-4.7720356
-16.801113,-17.005976,6.990053
5.9998045,6.570481,-6.6691723
-14.038875,-4.3511944,27.171238
-11.815018,-10.037088,12.978132
-13.9022255,-1.1618557,-4.925311
-0.76403046,0.0011048317,7.406805
-26.966938,-0.0100188255,-1.5619497
-15.095245,-6.1815367,-1.6769197
-18.410328,1.1509352,7.4846067
-9.341675,1.0982189,-6.1641865
20.274036,-13.404926,9.332207
-15.718262,-8.378426,37.0505
33.826603,1.7369022,-13.457949
14.022823,-2.1245804,-8.165659
13.442762,18.290344,-4.4047155
9.725005,4.3033323,-2.3057013
6.818531,6.200251,-4.0774765
3.8811893,6.957657,-1.9813471
5.404504,-1.910696,-0.64901733
1.9403839,0.67106384,-1.4450693
4.6542525,-5.771693,1.0349541
2.46847,-1.9087667,0.806406
1.6165957,-1.7180729,-1.843626
1.3778543,-2.5705643,0.2696247
-1.3032179,0.91682625,-3.5692906
0.105234146,0.64499617,-1.4844913
-1.4603415,1.5819342,-2.3153446
-0.8442135,0.33056927,-1.1922181
-1.4642668,1.6580453,-1.0449607
-0.120420456,0.9921961,-0.47723866
-4.6249027,0.73460436,-0.41575742
-1.1932087,0.35522556,-0.34576392
-3.6520195,0.2702484,-0.41742206
-1.8867989,0.38288236,-0.113921165
-3.194931,-0.43988848,-0.20621872
-1.434906,-0.04095936,-0.2116592
0.4346714,-0.5548537,-0.77289414
-1.2709541,-0.24631381,2.770424E-4
4.080721,0.11357427,-0.7123372
1.0870352,-0.16328478,-0.52178425
3.964075,-0.2945063,-0.015225649
1.8781233,-0.0490458,0.040821075
2.0447588,0.17700219,-0.7691326
1.461875,-0.1655953,-0.1551413
-0.8709698,0.0319252,-0.3689733
0.36348534,-0.065375805,-0.2836439
-0.3143959,1.9409416,-0.94307977
-0.9505024,0.50670373,-0.1254969
0.10572529,0.6460712,-0.41742164
-0.053385735,0.044203997,0.1603588
2.1677322,1.8134073,0.8182087
0.04965973,0.5783108,-0.18119945
1.6820574,0.92633986,1.3366425
1.1332111,0.22051126,1.1496508
1.5526915,0.08443253,-0.15754807
0.6366997,0.28388023,0.24699879
-0.35099602,-0.7744651,1.8252099
0.5997338,-0.043632388,-0.10519791
-0.70409584,-0.8952004,1.9844081
-0.57167244,-0.8947091,1.5580916
-1.352664,0.0065915585,-0.27615356
-0.3845663,-0.20264041,0.045443535
-0.6874218,0.30394804,0.52707815
-0.54414654,0.13629973,-0.22655201
0.9802408,0.3707053,1.5359278
-0.19395256,0.024263203,0.7608118
1.6778421,-1.3681285,0.23562431
0.5283241,0.12651491,0.24120426
1.153305,-3.1628866,0.082353115
0.6094036,-1.4511714,0.17222452
-0.2719307,-3.332911,-1.5630362
0.034356117,-1.2611904,0.12895393
-2.3101559,-2.3654995,-0.44764185
-0.2971058,-0.9056015,-1.1461053
0.9330201,-1.5924282,0.086266994
-1.4055681,-1.8236055,0.6451421
3.4107652,0.1215477,-0.40228653
1.3248086,-0.37270164,-0.23447895
2.8781607,0.30390167,0.20389223
1.3394322,-0.1655922,0.19178247
1.0089333,-2.1929579,0.3280673
1.0165312,0.1808939,-0.56384325
-0.47871685,0.7026386,2.0371728
0.1517756,-0.30113316,1.0325756
-2.36372,0.3068018,-0.35659122
-0.60260105,0.16570759,0.7647052
-4.8032546,-3.0596561,0.84337044
-0.7833109,-0.6404114,-0.66768694
-8.39414,-2.6807156,1.3516674
-3.1519632,-1.8704185,0.9692631
-2.4646835,-0.118335724,-1.4022932
-2.5274162,-0.49251938,-0.20027637
1.3934021,4.488514,-1.3785248
-0.6910782,0.69220066,-0.9021754
4.513134,5.8305373,-3.4519665
1.3530521,2.5884557,-0.7750361
5.4812083,5.381607,-3.1545448
2.2852068,1.8782291,-1.930036
5.395919,3.9693809,-2.5943635
2.9937017,2.85912,-0.68892145
2.9426026,1.560154,-1.453753
1.3163188,0.9494653,-0.88903
1.8844006,1.6664696,-0.50462294
1.3776329,1.2979159,-0.42868662
0.19215494,0.42920637,1.647131
0.47387338,0.093881845,0.068902016
-2.5452466,-2.034555,3.3798907
0.5239083,0.25469053,0.46535373
-3.61494,-6.0197845,7.620636
-1.6378222,-2.0338352,1.1077757
-4.9877214,-7.767915,7.451048
-1.8421955,-3.586276,3.0387173
-0.30713272,-0.95446396,4.673786
-1.6982079,-2.0542727,3.548977
4.0984135,2.1436415,-0.37185287
0.7888346,0.21811676,0.75034046
3.4591079,3.5627286,-1.5699854
1.9364849,1.2198029,-0.48534584
1.6821818,0.5263138,-1.8628302
0.73183155,1.1091151,-0.3218708
0.20022142,1.2660549,-0.27035427
0.52806926,-0.09377575,-0.24504471
0.20312297,2.7042332,-2.7601871
-0.16726542,0.54778194,-0.89158344
-1.4615936,0.2019484,-0.29939842
0.055971384,0.063358545,-0.43371677
-2.2626123,1.4625137,-4.091447
-0.7141056,0.41809523,-0.9038944
-4.261701,-0.80348897,-5.2473774
-0.71559286,-0.71496296,-1.046097
-2.7196379,1.2233448,-7.5127053
-2.8070412,-0.1670785,-4.317799
-7.1166134,-2.167859,-4.13479
0.5295038,-0.7974987,-1.5751953
-6.3005257,2.4852262,-9.313132
-6.480934,-0.5362725,-1.7803192
-0.42127037,-2.9435086,5.5030694
2.1406784,9.971476,0.730134
6.0312576,-5.380107,-1.5415459
4.7977657,2.1526513,-3.7385798
-4.408533,-11.449095,15.599448
0.7288532,-0.6466403,4.015381
-2.6073055,-0.50119114,13.328046
-4.1371937,-27.753334,-0.66685057
-6.152149,27.379103,-2.432551
-2.0833054,24.98181,-3.7571998
6.369502,10.116628,0.45770812
4.943757,-8.221543,-0.14989829
4.4526596,-6.279228,2.5441995
-0.14745617,-4.4753284,10.523226
1.5957432,-3.228895,2.4597778
1.8992777,-4.6300125,-4.668287
0.8278694,-2.4881988,-3.7124765
1.524292,1.4261622,-2.5552626
1.5302353,0.5848341,-1.1940684
1.4681501,0.68994546,-1.3878453
1.1510725,0.073815584,-1.2421796
0.86386585,0.31232834,-0.180547
0.267869,0.2856984,0.1633265
0.04885292,0.3115592,-0.9466214
-0.62915134,-0.123915195,-2.2668393
-6.0184965,-1.9517632,-1.3435168
0.75882053,-0.9978328,-0.22701538
0.45806408,0.5351205,0.36649466
1.16963,1.2235434,-0.1745646
0.8236456,-0.09799862,-1.058676
-0.5546627,-0.51780915,-0.93038034
-0.16804504,-0.48922348,-0.5019738
1.4262724,-0.8371463,0.2901201
1.8812213,-1.3632097,0.2914048
1.7632675,-0.46946192,0.037867054
0.56920576,-0.7034478,-0.1305263
1.2576165,1.5770121,-0.45128623
0.6210003,2.1324556,-0.8879483
1.1329393,1.5517107,-0.50393075
0.53660965,0.6529267,0.475807
0.2499609,0.58489275,1.161066
0.26570272,0.6792567,1.170591
0.37231255,0.81013525,0.65570855
0.031421185,0.14307582,0.26795697
0.2959218,0.44705963,0.23431635
0.15414715,0.40870124,-0.082945585
0.23502779,0.47762153,-0.15421629
0.19638681,0.24285391,-0.09716618
-0.042864323,0.01598823,-0.056057096
-0.0044488907,-0.10468924,-0.06345785
0.11667156,-0.5297525,0.24132812
0.01337862,0.12370974,0.37356746
-0.39749432,-1.739653,0.72941566
-0.09044123,-0.5878029,-0.023506522
-0.08239889,-2.7159991,1.4436951
-0.15693045,-0.93685246,0.5592799
-0.7547231,-2.415349,0.8268194
0.13448954,-1.5902596,0.35908008
-1.0294328,-1.1786566,0.5270753
-0.48415565,-0.59345007,0.7066097
-1.065278,-0.73223495,0.5962653
-0.4626608,-0.47935677,0.23910666
-0.28997326,-0.42017746,-0.18254328
-0.38324833,-0.33939934,-0.5075617
0.545382,0.2915039,-0.6037164
-0.027898788,0.045591354,-0.58557606
0.1491642,0.023049355,-0.7333243
0.49692488,0.10056019,-0.7053001
-1.1483688,-0.62210655,-0.36711597
-0.10671711,0.014037132,-0.38511848
-2.7850475,-1.0988607,-0.23881435
-0.5673256,-0.2512455,-0.16663194
-3.8567076,-0.97444344,-0.36100435
-1.2087517,-0.16395664,-0.16975129
-3.8351154,-1.2464867,0.3479812
-2.2016468,-0.526536,-0.23391402
0.84953976,1.1140957,0.4770012
-0.71277237,-0.26304626,0.69907904
2.3463812,3.214944,-1.0986693
0.95312405,1.2714996,0.15186906
3.7282085,3.5305085,-0.9171792
0.749568,1.0704694,-0.66360915
4.4943213,4.0500073,-0.32817572
1.886507,1.8304572,-0.06599736
3.659027,1.8932009,-0.66434765
1.5465188,1.2392299,-0.45736057
4.2612095,1.6818348,0.43972337
1.4875525,0.6534625,0.22166365
1.9204404,0.44886184,0.16944599
1.7240113,0.8404279,0.08546114
-1.0740156,-1.1491765,0.61551297
0.37603867,0.10881835,-0.033580422
-10.053254,-6.998806,2.2263768
-1.8893127,-2.3616123,1.3344758
-6.143132,-5.962732,1.8362622
-3.5424023,-1.4824715,4.8343143
1.17132,-4.3029623,2.0979738
-0.663126,-3.4005222,2.3386908
4.662801,2.7744923,-2.1700048
0.9830227,-1.1418037,-2.525762
6.0488415,4.5219336,-2.7703013
2.389535,2.1232958,-0.61917925
5.3293796,2.505062,-2.8218884
2.329007,1.7411461,-0.61235523
3.7522235,2.9408221,-2.9661531
2.0428674,1.2033219,-1.5122011
1.8192196,1.4412684,-1.1991844
1.1183319,1.0618501,-1.0157088
-1.1643865,-0.15857816,0.43327478
0.5281248,0.25553322,-0.07053375
-5.538329,-4.6539755,3.8085656
-0.5167272,0.5227363,-0.050955415
-11.053665,-5.6934743,3.4671369
-3.5485482,-3.4400291,2.94374
-5.688076,1.128046,0.25517035
-4.7099056,-2.025445,-0.1569395
-1.9294777,3.971725,0.34239054
-1.0142164,1.4340591,-0.13482904
-0.30739784,3.158005,-1.0332458
-0.46948147,1.9521704,0.34543705
-1.3485546,-0.05458927,2.4597545
0.16662312,1.370172,-1.8672786
3.0026655,-1.8612905,1.3730578
0.2591734,-3.9340234,2.9013786
3.9000607,-1.2842827,-4.2492895
1.2702074,2.057231,-0.89305687
3.4775844,-2.6259527,-2.0471506
1.9054055,-2.1893291,-1.9659959
1.365027,1.9438167,-0.67290294
0.74643755,1.1275883,-0.2820258
0.4761877,10.745893,2.0336614
-0.89195824,-6.061278,-0.99076116
0.4419899,2.2560678,-2.0897617
1.2206345,4.5528984,0.118227005
2.0560708,-0.86323774,-7.0525436
-0.8660946,0.4358543,-3.8378882
3.0144007,-7.247658,-3.3066692
2.5697136,1.1566162,-2.5299864
-0.9250319,-9.619572,3.8495488
0.7364743,-5.3352203,0.050356388
-3.420671,-1.9358816,2.205014
-1.3250184,-3.0700493,0.5546591
0.19241285,-0.68077374,-0.46938944
-0.97703886,-1.7197533,0.52396226
2.295238,7.3146906,-3.0004573
0.9510386,0.4492197,-1.6751266
1.2598875,12.36194,-2.8005028
1.1771423,11.802124,-0.44084358
2.2488852,10.752779,-1.5907154
1.5756602,5.956276,0.62608814
1.0957632,2.0115776,-0.17697716
-2.3985324,-5.5527296,11.093898
-5.8806324,-2.1072664,11.321551
-6.3700285,-7.9681396,11.759916
-10.714695,-3.5029645,11.14868
-10.337233,-0.7969487,2.8309536
-4.8414383,6.803569,-4.326541
-2.2481003,5.846733,-13.222263
-0.28650475,-4.6596317,-7.20424
0.8539963,-8.4309845,0.9055276
4.009533,-3.8926547,2.3386054
3.4119234,-2.2767785,1.1044407
3.7021284,-1.4816546,1.1297545
3.584467,-1.4753666,0.2541628
4.4024897,0.33216238,-0.7030792
3.6802716,0.0762105,-1.2881322
3.4601545,0.5161226,-1.2687688
3.184438,1.3017895,-1.216536
2.5544217,1.1625876,-1.2781093
1.7803974,0.77623403,-1.3037252
1.0705011,0.34356093,-1.2726192
0.23003101,0.07277918,-1.0366582
-0.30174065,-0.21237803,-0.7232205
-0.6696563,-0.49907422,-0.37398845
-1.1181102,-0.5967517,-0.115237236
-1.0205159,-0.5198271,-0.1764152
-1.1419306,-0.22083235,0.012741923
-2.1436057,0.41488838,-0.47758076
-4.241885,1.6721699,-1.7689878
-7.4480476,1.1115606,-1.1980407
-4.1645603,-0.5374172,0.6107819
1.372263,-0.77452016,2.715383
2.7185268,-1.5223265,3.1843262
2.6040678,-0.89154553,2.3536205
1.1257057,0.9034729,0.7846093
0.11672974,-0.10517812,0.013349533
0.48536015,-1.5229883,-0.31476927
1.291297,-0.8889041,-0.8787241
2.044601,-0.46623516,-0.7952914
2.2248535,-0.08386946,-0.52124476
1.8498826,-0.21609926,0.3727889
1.7799854,-1.7150288,1.4659486
2.1336465,-0.91680765,-0.25084972
2.425878,0.6835103,-1.4262146
2.9638002,0.9982648,-0.6400299
2.8039474,1.4096315,-1.8131958
1.4129863,-0.011080265,-2.7111218
-0.22345355,-1.5562353,-2.253032
-3.183072,-5.451887,5.506991
-2.7650034,9.346779,3.5719752
-2.8927698,13.434992,13.373708
-4.7336082,-7.334347,-3.467764
-4.551073,-7.1287894,-8.889423
-3.027608,-6.347542,-5.437936
0.2887478,-3.798873,0.26616776
1.9729805,1.0148392,1.7853804
2.2970018,-1.0927153,-0.8324772
2.5672007,1.9377313,-1.925636
2.203826,-1.6037807,-1.0378065
1.7781975,-0.15148258,-0.20297721
1.8076568,-1.955616,0.64849746
1.5874734,-1.4584532,1.7021613
0.96082044,1.0463076,5.575926
0.6532321,-1.3345966,1.219594
1.4584929,-0.94454575,-2.5889637
1.1311007,-3.5526323,-0.14456749
-8.6832047E-4,-4.513893,1.6343665
-0.31007826,-6.007099,0.6399379
-0.9492717,-7.3304996,2.5118613
-3.267588,-3.5361748,3.1291542
-5.4791474,-5.551443,2.823965
-5.53234,-7.628811,3.4177732
-4.0923214,-2.4154549,2.7344017
0.5833988,3.8922062,-2.9127388
2.133975,4.345083,-1.8289108
3.3776398,7.83741,-1.1138077
3.1224346,9.582164,-1.5280151
5.5532694,14.472834,-10.5286875
2.384956,11.219347,-6.5590825
1.5263717,7.1803827,-4.197813
0.46356118,4.190921,-2.884266
-0.39744782,1.42418,-5.9402075
-2.9726477,3.6695957,-2.5498533
-1.5929723,1.5333633,-4.1234074
0.9893291,0.6136031,-4.1207047
0.2930026,-1.0399842,-0.6146288
0.18292499,-0.98430634,2.5884724
0.057313204,-0.99770534,3.9979606
0.7338722,-1.1656389,2.7195845
0.563148,-1.3160205,2.019411
1.088252,-1.8443702,0.29490328
1.7169858,0.8314987,-1.8507385
2.439624,2.200822,-0.57462215
3.4077678,4.915936,-0.9454317
7.804472,8.578165,-9.124603
7.094098,10.851505,-12.1849575
-1.8126473,4.1960354,-0.90000534
-12.405564,-13.362201,17.333393
-20.573284,-20.310596,19.730886
-36.4485,-6.5876837,32.538334
-13.429985,19.923565,-47.92928
47.609177,-54.122616,-3.7156448
-0.5099468,51.801018,6.0174
4.022271,-11.530429,7.0796695
8.487357,-10.638653,28.482199
1.9045792,12.775449,5.2347965
8.288913,8.17169,1.6249123
14.943003,-6.804717,-1.1971979
14.679836,-5.8367424,-2.9389925
2.021721,-2.630735,0.38070297
-4.6452513,-1.7541556,3.377182
3.7982254,-1.4796824,1.3615417
1.4456024,4.339401,-0.42646217
-3.6686172,5.921474,0.21280098
-4.703043,-1.7127068,-0.7877779
-4.7322416,-4.310875,-1.9092865
-3.9173617,-0.6229491,-4.416767
-3.4647927,3.4703426,-6.3050275
-3.2149873,3.114344,-5.9980803
-2.7747028,1.340425,-4.583464
-1.622581,-0.9839396,-3.2536657
-0.4194069,-1.1062633,-1.7099998
0.5053854,-0.51494014,-0.7879421
2.0242877,-0.23302746,-0.61614
3.5051055,-0.9566541,-0.5935272
2.5972261,0.8051086,0.47515997
0.87156296,1.2002028,2.0601058
-0.084228516,0.16747245,2.596397
-0.30673409,-0.7815453,2.075412
-0.23921299,-0.75761354,0.8624482
-0.024384499,0.324176,0.03864956
-0.006412506,0.7928071,-0.36293364
-0.13128376,0.07988793,0.048131227
-0.1192646,-0.4729147,0.19169426
-0.12229729,0.45428535,0.20849276
-0.19165897,0.9005937,0.16408134
0.070406914,0.23008266,0.46203566
0.24119377,-0.93454325,0.42441463
0.333642,-0.795773,1.3319693
-0.14808941,-0.95059395,1.6155405
-2.7088623,-0.9454837,1.2132235
-6.604819,-1.6869056,0.30605078
-9.973168,-1.5439034,-0.50898075
-10.706948,-1.2194738,-5.134071
-8.994587,2.2841153,-9.07173
-2.5463905,5.015212,-7.425536
5.536826,5.863661,-1.2326751
6.091766,3.0463576,3.5934353
4.1285734,-2.1507368,5.2126803
2.7342243,-5.101466,1.4789811
3.6928465,4.984906,-7.430476
7.4935255,11.427927,-13.304146
5.3214316,11.63493,-12.173759
-7.1394978,-2.6820755,-1.2575264
-8.436776,-10.993008,9.754189
-7.3225603,-8.894192,15.6034355
-6.679947,-4.912348,16.636333
-6.2349663,-2.1831572,-1.7688849
-11.133911,-5.283106,-11.004625
-18.421738,-6.6694803,5.4589868
-10.85215,-9.141148,15.961988
-4.4722595,-6.1996956,12.419104
-1.716095,-1.767437,0.63614273
-2.6336555,0.16209221,-0.17054081
-1.5890083,-1.8928337,4.3099766
5.4324417,-1.4014187,7.3506565
11.282248,4.6928835,-3.2267075
12.238885,9.039133,-9.74033
7.4727983,10.430946,-1.7288818
7.6035347,5.9878078,1.0264616
6.515005,3.565579,0.4638672
4.7442107,0.77419794,-0.7772598
3.2554126,-1.3325342,-0.8943081
2.1891928,-4.121195,-0.9860754
1.9940791,-3.0558796,-2.5127401
0.5008726,0.52041626,-2.8600345
-0.46856976,0.63952446,-2.5260816
-1.450634,0.1978395,-2.7674417
-2.692071,-0.71614146,-2.8529587
-2.9165783,-0.9118881,-2.484778
-1.6413641,-0.59126997,-1.8660702
-0.7194977,0.10732317,-1.5911479
-0.092728615,0.45788813,-0.7363936
0.39421082,0.5443437,-0.0713644
0.6200447,0.25491047,0.18570256
0.52860546,-0.465096,0.08667159
0.5987959,-1.6031713,-0.6355926
0.4000845,-0.8375578,-0.2933898
0.6115465,-0.9865298,-0.16938198
0.18453026,-0.3218565,-0.22179389
0.1763258,-1.2923813,-0.5219557
0.26607704,-0.30308104,-0.1164667
0.013997078,-0.8651147,-0.046957493
-0.04007435,-0.41423512,-0.36562416
0.2930689,-0.20841551,-0.56344163
-0.09744072,-0.09201431,0.3028785
0.6562815,-0.05122757,-0.12334162
0.25759697,-0.14157867,-0.377735
0.59850025,-0.4047289,0.7772218
0.28650665,0.5040536,0.12814027
1.9163828,0.7715554,0.77920127
0.45880795,-0.26162338,-0.09737158
2.7851396,1.4690461,1.1420615
1.0914268,0.44372797,0.6972089
2.301288,0.8877082,0.41250348
0.8645055,0.7366853,0.1873877
1.3791871,0.3320408,2.3877158
0.9761498,0.14814997,0.27779007
0.33206868,1.2624199,1.4924898
0.37034965,0.3743105,1.1972952
-0.19508195,1.3366778,-0.033586025
0.026844025,0.5061121,0.009150505
-0.7688837,-0.0392406,1.026361
-0.18409562,0.4943323,0.22323275
-0.71541405,-0.73937464,0.19190216
-0.4456067,0.09834409,0.40322638
-0.07066774,0.20237851,1.0303392
-0.22910166,-0.2535503,0.5965929
0.27168941,-0.08718991,-0.29392004
-0.060558796,0.25218844,0.5504551
0.24778032,-1.5409732,0.7644768
0.4251976,-0.35338736,-0.6492257
0.4881792,0.6487694,0.27555752
-0.06297612,-0.45819235,0.72951317
0.56954646,-0.9444661,-0.3069172
0.27870154,0.47274113,-0.16271687
0.25345135,0.2044878,0.15328598
0.19132233,-0.63986874,0.07971573
-0.08288026,-0.16741419,-0.35810328
0.061878443,0.2881856,0.095659256
-0.755656,-0.70582104,-0.12112045
-0.16183901,-0.22954321,-0.6475291
-0.036156416,0.43076563,0.803751
-0.23459601,0.09334755,0.5220623
0.81213593,-0.6267228,-0.51017094
0.1979866,-0.096176624,-0.41844702
0.69519067,0.32611609,0.21026802
0.31008077,-0.019597054,0.44869137
0.04828739,0.49924278,0.3116789
-0.030387878,-0.03597498,0.09987545
0.45709348,0.64045715,0.34126377
0.06576085,0.5064266,0.30881405
0.4021747,-0.10952473,-0.4106779
0.3569907,-0.1175971,-0.24751186
-0.028950453,-0.13195705,0.12353325
0.009052753,-0.1334858,-0.06344128
-0.45695782,0.58417964,-0.16625023
0.1273942,-0.162426,0.14183044
-0.5620291,0.93340707,0.9365959
