x,y,z
-0.05224037,-0.02836132,-0.032574043
0.029390097,0.009430885,-0.008589089
-0.646204,-0.044529915,0.32394513
0.023131847,-0.008579254,-0.0056632953
-1.8545885,0.22435284,0.8023596
-0.5050683,-0.13988781,0.19785863
-0.7951889,1.3309035,0.39937705
-0.8613472,0.20668507,0.4103626
0.35585308,1.5327911,-0.5709332
0.039274216,0.6515441,0.0069490075
0.034328938,1.2689404,-1.2075933
0.16140842,0.5976014,-0.10631397
-0.7287321,-0.25803185,-1.0272539
-0.16452742,0.14284992,-0.5946187
-0.70135784,-0.06486988,-0.08175957
-0.24813938,-0.33265114,-0.3373319
-0.79317665,0.24832249,-0.33541095
-0.21956253,0.54812765,-0.010868549
-0.97714996,-0.4919567,-0.62140393
-0.32811213,0.05902672,-0.24140501
-0.8213749,-1.6508055,0.04776299
-0.580843,-0.0804472,-0.038384676
0.6748133,-2.2487879,-0.9178908
-0.1626482,-0.7803402,0.29514837
1.3745646,-3.2483444,-2.7147927
0.30204868,-1.138114,-1.1168904
1.1908321,-1.8301096,-1.0748978
0.7268896,0.059158325,-0.16389179
-0.7422347,-2.375493,-1.7475042
-0.093490124,-1.7516918,-1.290019
0.013716221,-0.8146248,3.077129
-0.3696971,-0.6807184,0.06319523
2.1476357,2.3040733,6.4163
-0.41522646,0.89540195,3.539485
4.3633003,4.743948,0.6180598
0.5752902,2.6959586,1.8282486
4.5298834,6.9260025,-3.1601698
2.2203212,3.528591,-0.47642908
0.26872408,1.8767583,0.18695019
1.4238636,1.4340334,-1.4555451
-1.1634468,2.4745872,5.6465683
-1.8677739,4.7831554,-0.3915999
0.86861813,0.70609117,-1.1133027
1.7097294,-2.6509871,1.3162372
-0.7736336,7.592105,-9.258458
0.22351813,-0.94842815,-0.6757908
-3.3275833,2.0101557,-1.8989072
-0.48550713,6.654109,-7.3521185
-11.589905,-8.143719,24.676289
-3.196084,-2.1428046,4.099927
-5.4379807,-1.7759192,16.713352
-4.056448,-10.387018,12.968929
-11.987526,8.259949,-22.086712
3.6393394,14.234937,-12.062309
2.9512863,-8.305638,3.6573687
-3.6228218,-11.719046,-0.9169307
7.998297,3.5414863,0.510283
1.7463417,-0.8118175,3.8293943
3.241413,-0.73561597,-1.2266812
2.5158043,0.30454403,-0.43571377
1.6576157,-1.395608,2.9496765
1.5910463,0.12271863,-0.62209606
-1.3690367,-2.937005,2.2251377
-0.49770737,-0.25085998,2.6790323
0.5119686,-1.6867104,-1.0987015
-0.13202667,-1.8441067,-1.3206825
-2.7384214,1.3817592,1.7244129
-0.5068388,1.5937756,-0.008816719
6.5632625,-2.400053,-13.400914
2.7356193,4.2529545,-5.09216
4.3311715,-2.8556414,-5.034906
1.3453887,-5.5112333,-4.9293103
0.18377686,7.975705,-5.7550526
2.5830703,1.1756622,1.9111533
-3.8523498,2.5804448,-3.9514027
-2.2770324,0.27855363,-3.2996387
-4.396231,-14.562347,-1.6658726
-1.0974245,-1.1711893,-1.2960024
-2.0139914,-2.9943647,3.8042002
-1.2675028,-6.5822124,0.8028002
1.0903692,-0.162776,2.5747209
0.4710579,-1.6885624,1.6416917
-1.0224209,0.2570076,0.9679389
0.40905857,0.1935978,0.6562557
-4.610882,3.2696924,4.2415323
-1.2332668,-1.4454527,1.3416498
-0.3541212,7.9422684,9.724481
-1.2915783,5.4814467,1.6130102
3.4285564,0.44201565,1.6942754
0.9975586,0.52345943,5.7930613
5.314984,5.14487,8.214022
0.5132251,-3.0800738,-3.7850652
6.845289,2.6976376,-6.1673565
2.8762772,5.256882,0.5424986
1.8132364,-15.792274,4.671319
3.596811,-1.1753435,-5.293911
1.40557,-15.0576725,2.5602446
0.3847158,-4.257044,-2.5139475
-9.362767,-19.742111,6.0509872
-0.12656832,-8.526886,4.0932827
-7.4206686,-8.57082,4.3067503
-3.8344517,-3.24971,-1.2429543
-5.6412096,0.563385,0.8256712
-2.7768078,-3.5666885,2.4437904
1.5616999,12.392052,-2.1180649
-1.4322548,1.8890953,-0.3948164
4.820248,20.595545,-7.86203
2.426075,5.6208324,0.27155304
6.0606823,17.018654,-10.731508
2.2071095,11.449694,-7.6358423
0.9528637,3.4388545,-7.335537
-0.20994186,1.8944091,0.0032544136
-0.15581465,6.4635763,-7.673153
0.68327904,1.8214004,-5.5896235
-0.9233742,0.06857729,1.4791956
0.19357252,3.4149253,-2.4825783
0.4916358,-3.7704554,4.2384453
-0.5679512,-3.6956177,2.9485774
0.42717266,0.37607002,3.9097116
0.710093,-0.88554764,0.53169155
3.1865308,2.6985579,-2.9234939
1.1429907,1.4221516,-0.5762515
4.0872273,1.959795,0.6302514
0.49054056,0.6980481,0.40642548
8.451933,10.968981,-10.950115
1.5126262,0.6626806,2.3358269
1.274538,5.7166414,-7.853565
5.671529,9.826113,-12.19433
-22.644382,-23.652218,26.295189
-6.4371614,-4.2152624,9.918299
-30.890408,24.803757,-40.779373
-24.444874,-8.806176,46.553158
13.113281,8.674095,1.5830464
48.62122,-60.790573,-2.504986
0.48712063,9.233962,7.0665007
5.5184755,-5.9011497,12.303525
1.0418549,11.976728,1.925909
-4.0112915,22.516052,-3.0516992
17.447535,-5.4068217,1.7902946
-0.19856691,-4.010458,5.362648
17.428354,1.6164563,-6.3684254
9.243383,4.48065,-3.827561
-3.2028866,-6.9788737,1.2661619
2.9699306,-4.6380954,-1.6934166
-0.9217205,4.929037,9.257633
0.25745583,-0.3114543,2.7576437
-8.0391035,-1.1064458,2.8022518
-2.1156902,1.0233613,3.5862198
-10.71786,-9.064359,-9.114244
-2.9995947,-0.62818146,-0.32453728
-25.717724,0.61846924,-13.123369
-1.0108047,-4.3558083,-6.924895
-19.864885,5.5096283,-8.158461
-22.894058,-0.10229778,-10.307083
8.243269,5.55803,-5.5070763
-0.2957096,-2.702262,7.63973
15.720504,11.909458,-11.552034
5.471917,5.985568,-8.548649
11.400978,3.8644733,0.03131485
6.573386,4.4729004,0.2253685
-8.523291,-0.76120853,-0.13157463
0.70949364,0.44905567,-1.3759289
-35.357056,-17.891682,17.89761
-2.572382,2.8655,-4.4706097
-31.440151,-18.202291,6.237542
-10.866676,-5.07135,23.13798
-16.209698,-8.225603,16.720604
-10.374207,4.1760473,-2.545453
9.455677,-4.671591,6.692774
-10.043526,-2.6327953,19.071499
19.265568,10.433886,-8.452562
8.591175,1.1461239,-7.1809645
13.146015,11.09486,-1.132843
5.9602547,7.348941,-2.7767544
14.364374,-5.3515587,9.963278
4.197937,0.97114015,1.6417255
18.188848,-5.533676,2.354681
7.436263,-3.4925184,3.158804
8.438235,2.5332713,-2.3331318
6.3535547,0.3019929,0.03755188
0.86379004,-2.7073479,-7.102644
1.7296243,0.5580702,-2.130804
-3.2999039,-1.0218954,-7.7993293
-0.80949306,-2.2767076,-2.7513638
-4.149601,4.702709,-5.089005
-1.2950716,0.6760578,-3.3335776
-10.09613,5.0601897,-2.4093018
-1.4003716,1.8073634,-1.5036454
-7.0146694,-0.29742956,-2.9251952
-5.7535286,1.5947618,-2.2460036
-2.008997,-1.1858487,0.66792274
-1.48036,-0.7880564,0.0030264854
4.4875984,0.3813069,-2.1110897
0.7054062,0.061693907,-1.2729506
4.820017,0.6738517,-0.28451645
0.8829117,-0.020760298,-0.7904094
8.375142,2.0644975,-0.3771497
3.8844967,1.2308732,0.1217767
4.9254827,0.058389306,-0.32505494
2.8473845,0.21817923,-0.11456549
1.8820848,-0.24803448,0.1902318
1.4205871,-0.033094406,-0.10349822
1.1941824,-0.19586134,0.356673
0.34442902,-0.2693863,0.23746443
2.0699077,1.2587508,-0.8057034
0.7869072,-0.2823248,-0.08967388
1.7095323,1.7331412,-0.7270016
0.8719187,0.93606174,-0.43463528
1.2184446,0.40141428,-0.028403431
0.5622196,0.63538057,-0.010516763
0.75974774,-0.14498055,1.4581375
0.24720168,-0.46513385,0.17472494
0.23635578,-0.11994013,0.9745028
0.41022444,0.06727347,0.7707815
-1.680399,-0.34154955,-0.02001667
-0.10704899,0.006654799,0.19251609
-4.728203,-1.3150418,0.5982199
-0.79044056,-0.11838633,-0.027792692
-7.22497,-1.5835398,1.0011852
-2.3745804,-1.0563697,0.50438476
-9.323679,-1.2966537,0.6890235
-3.201374,-0.05145526,0.06403208
-6.5109043,-2.2547503,2.1448135
-4.563843,-0.8607702,1.0570292
1.4247131,-2.0341487,-0.12182474
-0.7246685,-0.6215186,0.28671694
4.2464695,-1.6236029,-0.2240901
1.5777168,-1.0145893,-0.42076254
5.494748,0.21334171,-1.090595
1.0956211,0.16718435,-0.45741177
7.9933624,0.37514877,-0.968483
3.14676,-0.28701258,-0.3011129
3.7530742,3.2164617,-1.2714437
3.1328688,0.73004055,-0.47049117
0.30113125,2.615495,-0.48652172
0.53595734,1.3230226,-0.41863394
-0.5303917,1.1056913,-0.7414031
-0.21686745,0.74594975,-0.0010206699
-0.5034809,-0.06042564,-0.12630105
-0.08165836,0.3704487,-0.31833756
-0.48896313,-0.7818849,-0.27422142
-0.237854,-0.09894657,0.04821253
0.33504105,0.57104194,-0.23116541
-0.41381264,-1.1882744,0.031332016
2.5469108,1.5379381,0.07981169
0.63097,1.1283156,-0.14658582
2.6976573,-0.3198346,0.24022412
1.1135845,0.29942894,0.005111456
2.2327244,-0.47184658,0.9195802
1.0719204,-0.81223416,0.6911948
0.6599803,-1.0791154,0.8468888
0.88513887,0.53060055,0.011837006
-0.12457347,-2.3296633,1.000499
0.010678053,-0.7738733,0.4855585
-1.027461,-2.2053137,-0.1657846
0.030422926,-0.7709036,0.14366078
-4.3720703,-4.009982,1.0327682
-0.9088125,-1.4570103,-0.12662506
-2.3177233,-0.76087093,1.1463237
-2.3077145,-1.3787489,0.8501015
-0.021262169,0.54262924,-0.39982462
-0.110141754,0.15727901,0.19920206
0.019913673,1.1426153,-1.1535044
0.05871296,0.43707418,-0.45476913
-0.24589825,1.1699877,-0.47033
-0.11753559,0.46531868,-0.56609726
0.36914158,0.4188547,0.40231037
0.053907394,0.4887166,0.04755497
0.7991133,1.4282851,-0.86901855
0.21416855,0.19699144,0.076663256
0.87716293,1.6890094,-0.9729724
0.3913002,0.80208945,-0.63649297
0.41591978,0.81673026,-0.14533424
0.31981897,0.29592848,-0.16349912
0.10202074,0.39012408,0.076170444
0.12505198,0.2864542,0.064071655
3.5381317E-4,-0.12619138,-0.061657906
-0.019693375,0.14448404,0.1336875
0.53902054,-1.5884514,0.06564021
-0.06414747,-0.17538214,-0.16638136
1.0913072,-0.93201923,0.7929697
0.45786762,-0.6393962,-0.028800488
0.69143057,-0.99914503,-0.14867687
0.50380707,-0.40501213,0.053478956
0.7238965,-1.422215,3.1662254
0.44490623,-0.4888382,0.60135555
-2.324749,-5.5931244,5.1901255
-1.2457371,-1.1555176,2.7823153
1.53334,-2.3361769,5.7600365
-0.11578131,-2.3302517,1.2378263
1.6941619,3.8808455,0.6665611
1.468868,2.7503595,2.6882582
0.2919171,0.77037144,-1.1219101
-0.55173635,-1.8559618,-2.2840223
-0.75916815,-1.0407152,-4.452801
-0.26981497,1.3259182,0.82157135
-0.86527634,2.174018,-5.1865683
-0.41280603,-1.3054571,-2.3555942
-0.55992794,6.801436,-10.241629
0.904253,2.3287656,-3.0824752
-4.4992847,5.6214614,-8.929377
0.20648813,2.0761724,-5.0773687
-8.690768,3.5812154,1.1420245
-3.2146244,3.1408663,-1.040431
-1.259037,-5.7999234,3.8681676
-4.00214,0.032963514,-0.28862238
1.7887993,0.1268246,0.8434472
1.2934637,-3.8062496,2.9715493
-1.237709,3.1920981,-2.2920837
-0.96528244,-0.35815424,-0.5674801
-0.003332138,6.6890664,-1.65031
0.47747612,4.723835,-1.3580594
-6.600443,-13.356916,23.580048
-1.4370499,-2.4836266,-0.6193299
0.8025818,6.6327424,-13.14042
0.57647705,0.1322912,12.944113
-6.6719246,3.3760233,0.9261794
-4.2684994,4.9892607,-4.60477
4.077652,-5.194624,-0.43869567
-0.8563404,-0.9970125,2.068234
7.01379,-1.0134989,4.38978
2.2838612,-1.3917994,2.5137272
6.3603992,-3.437416,-0.5410161
2.9597454,-1.4843674,0.40763664
3.504674,-5.7521896,-1.4384212
1.915081,-1.1531234,-0.59268
1.0387125,-2.8525581,-0.73940325
1.4324532,-0.22592735,-2.357934
-0.036313057,-0.10781813,-1.2010875
0.1621666,-1.7054892,0.80802965
0.9327555,2.2764583,-4.199247
0.4820423,1.5320153,-2.7610679
-1.311122,1.0433135,0.7458706
-0.14039516,-1.2568336,1.3354392
-0.78091526,5.088811,-2.7339401
0.16216373,3.839109,-1.8232715
-0.7849436,-1.1790922,0.76532274
0.19329548,1.1638069,-0.6915884
1.0185671,-0.6740632,-1.1627924
-0.42531586,-2.4616833,1.4224696
1.4899306,-0.55803776,-2.2568612
0.5566921,-0.88578415,-0.8835733
0.57693243,0.30650282,-0.8550894
0.68029165,0.1885004,-1.2153354
0.6652303,-1.3886647,-0.25223947
-0.14120007,0.2007122,0.7334237
2.4394412,-5.4996424,-4.127476
0.2296834,-0.783103,-1.1721191
-2.1499038,-10.137753,-0.3395028
0.45974398,-5.5933056,-1.4185963
-1.4188623,-4.355055,-4.337166
-1.8335743,-4.454365,-2.3636007
5.2468033,10.484718,0.93895817
0.27498913,-1.033968,0.8568258
5.6202164,12.695226,0.5989342
3.3104005,5.752961,-0.19742012
3.7183661,11.331082,-1.3337927
1.2841678,3.007452,0.8349552
3.9124947,10.680269,-2.7431946
2.620451,8.874849,-0.5144911
-0.44513226,-1.0621691,6.045048
-0.021330357,0.4387827,-3.306879
-11.271379,-6.793757,20.385262
-1.5135674,-1.401412,3.0453176
-11.864791,-9.18812,17.907795
-7.0449066,-5.419178,11.198967
-12.167122,3.3381543,-15.153517
-4.993595,-5.115906,5.831499
-0.76109505,-4.8769536,-10.299012
-7.2291756,-1.8923545,-10.95686
10.185969,0.77627254,1.4642334
5.506177,0.95956564,-0.8878472
6.161022,1.9226971,0.8123703
3.4144154,1.5002091,0.8922634
2.9421768,-0.24424553,-0.14299798
1.6914568,0.63740873,0.075500965
2.5811114,-0.6202245,-0.41289854
0.9072194,-0.28661895,-0.1064291
2.7825198,0.3773818,-1.140717
1.0575724,-0.16912937,-0.29488873
2.3041377,0.7804849,-1.5049651
1.0869792,0.045952797,-0.37784326
0.6159878,-0.064059734,-0.76892716
1.1802967,0.62861204,-0.7311505
-1.7912745,-1.3935313,0.120462656
-0.19179964,-0.36934924,0.07556385
-3.807907,-0.9657531,-1.0303707
-0.88485146,-0.15686297,-0.16757244
-4.085973,-3.5342522,1.3422992
-2.3177595,-1.2858534,-0.061834276
-1.0390024,-0.82907534,0.96254313
-0.5224571,-0.8799701,0.9378083
-0.44316483,0.4465971,-0.4356302
-0.68508434,-0.049749374,-0.26194823
1.9335289,0.19800377,0.8160827
0.34413338,0.23551512,-0.046186447
2.743926,0.029678822,1.4659548
1.0022254,-0.12963724,0.66086674
2.1170182,0.81342125,-0.10108805
1.134242,0.025660515,0.47466946
0.4638939,1.5272598,-0.25396466
0.5665746,0.5315504,-0.12423062
-0.17675781,1.9046595,0.053801537
0.20405865,0.80219936,0.0053191185
-2.0054135,1.3439084,0.3542986
-0.0913434,0.7237277,0.11949086
-2.3461676,0.93359846,-0.90419126
-1.2487202,0.49483973,0.113912106
-0.5769987,-0.34218693,-0.7116282
-0.7140446,0.095119715,-0.39721513
-0.8753023,-0.75736594,0.0660305
-0.07139301,-0.049544096,-0.35920024
-0.61723423,-0.5955906,2.3750033
-0.6417284,-0.7044909,0.93313503
-0.6635332,0.7918122,-0.23635864
0.18059254,0.22328615,0.42946815
-0.74250317,1.2001827,-0.26757097
-0.7785959,0.29923654,-0.34132934
1.8215847,-0.25438476,0.5032573
0.027324677,0.5573696,0.3879733
3.1004539,0.088565946,0.22531843
1.0710464,-0.09654677,0.2974329
2.530346,-0.08170974,-0.91442347
1.3068342,0.23730838,-0.13473797
1.510581,-1.5029949,-0.96423364
0.7752361,-0.2417407,-0.42710567
1.4323797,-1.2533655,-1.2494159
0.417197,-0.601424,-0.37211728
1.4468684,-2.5745525,-1.0318809
0.6900232,-0.5276098,-0.7324213
1.0453366,-3.7286263,0.03537333
0.56788445,-2.2147045,0.11457634
-1.3190074,-1.058856,-0.9778216
0.29432583,-0.4800024,-0.4296728
-2.9528246,-1.3690777,0.54325175
-1.3443127,-1.3772678,-0.08595675
-1.2602873,1.9563475,0.026199102
-0.5231099,0.31123734,-0.45824224
-3.917282,4.996789,0.08366805
-0.4231472,2.096229,1.270185
-2.7178793,-2.0692887,-2.061656
-1.8237181,1.1594958,-2.0610876
-13.405571,49.773796,42.844543
4.1736755,-18.713375,-15.469796
2.6895409,-13.246828,-8.317815
2.8414087,-12.776041,-9.938656
2.6260176,-4.6186914,-3.7773013
-1.2919893,-1.4052854,1.074614
4.790499,-3.8199263,-4.8805857
2.048479,-1.6525602,-3.3809996
4.6054482,-3.9827785,1.1596956
0.88196135,-3.9786053,0.31009966
1.3290677,-3.859478,5.432763
1.7623153,-1.3039951,0.020124435
0.49811077,-3.2540417,2.156552
0.13031936,-1.317976,0.7381642
-0.24603796,-0.45123863,5.6561594
0.1397996,-2.746584,1.6218367
-4.712723,-6.425165,4.320138
0.3441677,0.26104736,1.8470478
-3.6135197,-7.779379,5.146143
-2.5470924,-3.4817562,1.1023598
2.2174392,4.15979,0.5461521
-0.80725574,-0.8221607,-0.4962864
5.2983937,14.795176,-5.77717
1.357625,3.6508102,-0.47498512
1.5798621,13.981915,-14.004188
1.1505501,6.2500653,-3.4586978
0.045289993,5.483298,-6.0442896
0.16229486,3.706976,-4.409243
-1.2139001,8.432669,-6.6526394
0.7385378,0.35567665,-3.270894
-1.5928617,1.0045037,-3.763567
-3.276493,3.5006018,0.4520998
0.45890284,-3.6098948,1.7250986
2.215188,-1.1304703,-5.040416
0.98408294,-2.9468524,7.878633
-0.1439929,-1.0677433,2.9384923
2.672094,-1.2365121,0.70996666
1.0757725,-2.006473,3.0776582
2.9225721,4.7683992,-3.2094364
1.2376107,0.23083115,-1.0212765
8.949979,15.076825,-13.154032
1.4038663,0.83697414,2.1557474
-3.9496884,8.083721,2.3128433
7.4136906,9.554396,-11.800129
-31.860092,-26.548994,21.008255
-1.6291113,-11.043011,10.553853
-43.205097,-38.8043,20.048607
-12.84322,51.316956,-18.824451
18.822174,30.104652,-15.653126
42.282852,-35.703896,-1.360568
3.656843,-13.189411,21.62171
2.067632,15.51765,1.4079647
3.9373698,-3.5865583,15.261711
-0.27344608,-4.5984282,10.464687
10.71957,-3.641718,1.9764175
-1.067539,1.1338062,4.599169
20.342846,1.7246885,-7.338191
7.8709297,0.63951707,-2.3030071
-5.048131,-3.0107784,0.08441353
8.333384,-1.6143112,-3.1055555
-0.9153099,-5.0600147,1.7374392
-2.836731,-2.1535492,1.1977692
-7.624415,0.54475164,-1.0308027
0.49564457,0.08815193,1.2250013
-18.350666,-2.7706566,-13.256364
-6.0657625,0.1237545,-0.742949
-13.817451,4.000331,-10.962474
-9.368746,-0.31895924,-8.381253
1.3758459,4.686933,5.4110546
-1.1344175,7.132221,5.421341
7.1729236,0.030578136,-8.71204
2.5757108,-0.020269483,-3.022912
5.860718,3.900494,-7.4600983
2.0117111,0.6575694,-3.9883986
8.786518,9.157957,-4.2656736
3.1977577,2.022708,-1.0368528
-8.714702,0.8562975,0.928463
3.0355878,2.4879074,-3.4065914
-20.689133,-6.5809693,6.323987
-6.561798,-1.0706272,2.2407823
-17.320545,-19.69478,11.9486685
-13.452534,-7.2707615,8.051673
-6.4046593,-8.974342,6.55818
-5.1976357,-9.862371,3.777388
-9.593548,0.21410179,5.8988905
-2.2202759,1.4609222,3.277296
-1.6477509,-6.1610413,6.48901
-6.595318,-1.9863338,5.0416946
17.370481,9.116135,-9.9356785
5.470625,0.348732,-6.104475
15.397892,4.1136703,-1.2437463
7.717107,3.63027,-0.7622876
7.49634,-0.1374836,-1.5834513
3.8706226,0.67662334,-0.9551821
6.9223695,1.5608044,-1.3912516
2.7708483,-0.61765003,0.071876526
4.71687,2.6095228,-1.2074118
2.6341925,2.0577636,-1.2324307
1.9616957,1.5314889,0.078519344
1.3520188,0.6629691,0.38429165
-0.40804052,0.78898525,-1.0902095
0.54943514,0.60148525,-0.6287811
-1.1867805,0.31446552,0.19823742
-0.58792305,0.18133831,-0.13208485
-3.32133,0.9557514,-0.41091228
-0.36964798,0.13973618,0.17678356
-8.317867,0.64105463,-1.033011
-1.9707851,0.40108156,-0.6488688
-2.3798723,0.9263029,-0.3417263
-3.634613,0.32468414,0.08009148
0.32317543,1.3125782,-1.3124788
0.3386097,0.30374885,-0.48909223
-0.071359634,0.60505295,-0.5382657
0.029413223,0.6921594,-0.5973177
1.3794966,0.234591,-0.017598629
0.20100975,-0.024542809,-0.12312031
2.0332813,0.45470548,-0.05428052
0.7772579,0.17455792,0.009696841
1.9623137,0.38446474,-0.25734788
0.8360338,0.098958015,0.03296256
1.558631,0.36672664,0.16053438
0.729373,-0.10086608,-0.12250447
2.5154696,1.441686,0.6540313
0.46681213,-0.12693894,0.7388284
4.192306,1.9229932,-0.3162787
1.3790979,0.898209,-0.08749664
4.4482594,0.81542313,0.87103724
1.76509,0.68276113,-0.040128946
3.1721992,0.1550259,1.0070806
1.7053621,0.06857079,0.71654916
0.83860403,0.17106527,-0.082306385
1.0132486,0.24738783,0.2675724
-2.0560112,-1.6988062,0.5343988
-0.13904917,-0.2981071,-0.254045
-4.229236,-2.3421226,0.74299407
-1.2755532,-1.1005633,0.9765749
-5.0132937,-0.43774247,-1.0620425
-2.0148554,-0.4900787,-0.2966349
-3.843834,0.011195183,-0.2894454
-1.8425407,0.22321773,-0.7000942
-2.6900625,-0.89143586,-0.66871
-1.1056595,0.03626752,0.29373384
-2.930974,-1.7986808,-1.4117203
-1.114275,-0.5443692,-0.78398246
-0.9797554,-2.0752864,-0.5599759
-1.3656063,-0.7888174,-0.34612632
2.4832563,-1.5958328,0.0021933317
0.25312805,-0.9293957,-0.2805375
4.2149067,-0.31133986,0.54676104
1.4671125,-0.56853914,0.29016793
2.9646378,1.1439075,-0.5988247
1.6966372,0.3275771,-0.0032401085
0.92955494,2.1847706,-0.69313604
0.76346684,0.9339695,-0.4957049
0.3583746,0.8996012,-0.06902033
0.19105244,0.73816776,-0.24030602
0.7413187,-0.15427923,3.0211072
9.6702576E-4,-0.052770138,1.691407
0.7851505,-0.15482378,1.7659016
0.6449995,-0.05618334,0.8758168
-1.341671,0.53865147,2.002407
-0.06034565,-0.079707146,0.8233862
-2.784483,1.5548267,0.0136499405
-0.5991421,0.3944316,0.6614909
-2.2834892,1.3909274,-1.5195885
-1.3664312,0.99285704,-0.43470287
-0.19724464,-0.4187863,-2.1675224
-0.5338259,0.30505276,-0.62413454
0.41377068,-1.0888245,-1.744796
-0.009466171,-0.35514712,-0.9864247
-0.30025768,-1.647726,-1.9337575
0.37938023,-0.806314,-0.20330983
-0.9125433,-0.28466558,-0.9544899
-0.6928215,-0.5208216,-1.2988714
0.27830315,-0.6229286,0.3102777
-0.29076576,-0.23625135,0.32422543
2.002019,0.48469877,-0.43758947
0.35119247,-0.3701296,0.006480828
3.1223211,1.1850815,-0.41110265
1.1172199,0.5684483,-0.28302544
2.4679594,0.7821219,-0.034036517
1.2592454,0.42394376,-0.063155174
0.77373886,0.23301673,0.34418526
0.8108444,0.14146948,0.074711114
-0.6961646,0.63603544,-0.07476798
0.17656422,0.034716606,0.2478803
-2.9531097,0.96457624,-0.42975563
-0.5078659,0.5575694,-0.4696443
-3.0555735,0.47483063,-0.46759188
-1.2246656,-0.5020925,-0.14296532
-0.730155,2.1824212,0.16745901
-0.78754807,1.0657753,-0.20081627
0.088965416,0.20095739,-0.13771617
0.3465414,0.72620547,0.10186553
-0.11378479,-0.38871348,1.7001464
-0.31492233,-0.56902504,0.13960679
1.3966284,0.48011523,2.3479426
0.41576767,0.23219159,0.6537951
-1.0639362,-1.1967473,2.9559
0.91878986,-0.14227659,0.6215086
-4.106909,0.9018663,2.211996
-1.1650858,0.053151593,1.302288
-6.5760155,-4.4617195,2.2033305
-2.2136097,0.2795632,0.9075403
-8.376366,-11.46188,-1.6026859
-1.8473358,-4.72305,1.248198
5.0663815,-1.9256325,-0.019396305
-2.1496391,-2.861227,-1.3776836
14.719395,4.961452,-1.7214115
4.2182903,0.9412527,1.1553593
13.415004,4.676759,-1.4609373
5.870386,2.2560945,-0.6116867
11.522688,3.6197515,-3.24307
5.6752124,2.3442218,-1.6970893
3.1954327,0.60391283,0.39865088
4.0355206,1.1618427,-0.78222334
-4.74161,-0.4041052,0.4463315
-0.93232965,-0.38121057,0.43888116
-5.9627676,-0.85995483,-0.14049554
-2.2992053,0.2556131,0.3498497
-7.101122,-9.09603,0.83528733
-1.6854664,0.34906816,0.7920084
-28.47756,-15.185295,10.73185
-1.6079636,-9.120996,1.8547354
-4.7035255,0.9597969,-3.904766
-12.389397,-5.6819057,3.5366364
8.049494,10.128136,-3.5132828
2.810337,1.592474,-1.4976792
7.961484,8.505949,-5.3316684
3.112568,3.6540942,-2.137403
6.5444756,8.245594,-3.8104067
3.0622315,3.5150487,-1.9621184
4.411491,5.559376,-1.5821334
2.192051,3.3695292,-0.9880489
2.4939024,2.7755435,-0.8346133
1.3432701,1.3105321,-0.22769475
1.284137,2.283689,-1.149374
0.7038615,1.1244574,-0.68963075
0.11183548,-0.8233621,0.6909981
0.59714997,1.1509047,-0.4066496
-0.85744596,-1.1098294,1.98608
-0.61771846,0.12940359,0.9002775
-5.867144,-14.526027,8.392385
0.33011055,-0.9809241,0.107712984
-5.294244,-22.459848,9.274929
-6.1464376,-10.909798,2.6062908
4.595001,1.1403923,1.0888205
1.2261696,-6.6113453,3.177621
6.0466294,12.084552,-2.918682
2.67619,4.4335623,-1.3500423
4.1966023,9.547374,-4.4940205
2.2475908,4.23633,-1.4067078
1.893548,6.7779474,-4.0062428
1.2746946,3.2070572,-2.0598722
0.8786285,3.0056005,-1.5389678
0.599097,2.7908602,-0.9818747
-0.41336823,0.140472,-0.48742926
0.07408023,0.57717,-0.4345379
-0.74171746,-0.60821164,-0.6121432
-0.3321963,0.1501103,0.075576544
-1.2882726,-3.3684354,-1.6524719
-0.1610133,-0.6112511,-0.7618503
-3.6686854,-8.927584,0.7612314
-0.6547792,-0.7827482,-1.2381694
-7.141211,-12.02837,3.6144352
-3.0227633,-7.1557274,0.9050648
-0.114209175,-3.485611,1.2442551
-1.1993265,-4.037361,1.7310197
3.4063866,6.125619,0.07049322
0.9036908,0.9109802,-0.003917694
3.1679306,7.8230934,-0.4621942
1.558595,2.79109,0.022911787
1.6655786,5.831542,-1.1989093
1.0521796,2.851121,-0.3397932
0.578393,5.7106028,-1.3053932
0.44678605,2.4427454,-0.4677024
-0.15229154,3.68711,-1.3979809
-0.22924352,2.2846682,-0.0029155612
0.40490818,1.7517904,-1.1434214
0.38785362,1.41841,-0.9217936
-1.7498786,-0.63063604,0.3141027
-0.024335623,1.1669893,-0.58657086
-11.268706,-13.964635,8.65131
-0.93111897,-2.0895662,0.37149143
-6.1918364,-9.262321,5.1134987
-9.328852,-12.835445,7.149331
3.9112663,4.6933184,-1.1061573
-2.0124454,-2.9967213,1.0970955
10.430983,10.915019,-6.8796253
4.590384,5.7904263,-2.1520276
5.7419353,6.5743184,-5.5543175
3.6120148,3.2376251,-3.137981
3.0012197,3.4036393,-4.167303
1.4473033,2.4020433,-1.675683
2.769618,1.9862685,-3.0414286
1.0784287,1.021449,-1.8928843
1.3414173,0.9295393,-0.18940926
1.2017398,0.28691506,-0.8827696
-1.3760911,-2.5009449,0.81868434
0.31908417,0.45879185,0.27266216
-4.072405,-9.560525,4.806614
-0.15927352,-2.2481732,0.31045115
-10.01125,-10.185137,5.16637
-4.185381,-1.4144335,1.308372
-1.3424873,-3.4059324,1.8578625
-3.0258493,-4.5058117,2.8178554
2.995895,3.8660154,-1.1125188
0.8631568,1.0476875,-0.93572617
1.3813887,3.9220371,0.6407571
1.0342531,1.6596832,0.027012348
-0.6650405,1.9447956,1.2507806
0.096885204,1.5940309,0.70396566
-0.12340069,1.2944598,0.7079625
-0.39616013,0.79321146,-0.13836765
0.2735653,-2.7009573,-0.4486432
0.33903694,0.50086784,0.49740076
3.0011532,-0.16671276,-0.35740328
0.081991196,-1.340189,-0.75124884
3.201328,3.236556,-4.061759
1.4252084,0.7766118,-0.66118
2.6466846,-2.7667446,2.6061807
2.0539663,1.1651497,-1.3996872
-1.5539069,-8.331587,-0.71345747
0.7277926,-3.0613613,2.399574
-4.8068194,2.2437963,-0.26930904
-1.0154357,-2.7593775,-2.1949794
-14.691776,11.702819,-6.5640044
-3.1555939,2.0348554,2.4292521
-6.6164474,10.428621,-2.9241595
-5.87714,5.8560753,-4.6035337
1.791645,3.0093255,3.9858143
-0.13127708,3.7876997,0.79798245
3.247179,-2.312178,3.3760896
0.9366398,-0.15129948,1.6795585
3.2641,-5.6084757,2.8018074
1.2769108,-1.0044528,1.8988848
3.3225164,-6.143768,-1.5612216
1.3326845,-2.2097187,0.43504095
3.3827276,-3.90419,0.0072112083
1.231782,-2.3929539,-0.9316138
3.145001,-0.8082495,-0.99462795
1.5377913,-0.7915602,0.11885667
1.6032314,-0.17255878,-1.4163814
1.0291324,0.11327553,-0.66285014
0.30468607,0.9029975,0.44151938
0.41258383,0.010971069,0.34079945
-0.6783037,1.6358452,-0.89739484
-0.1583023,0.5458822,-0.0058534145
-0.18405676,1.2120433,-1.2540941
-0.27715492,0.62707615,-0.52527595
0.004963875,1.4586082,-0.8985267
0.08592081,0.3941431,-0.5030396
0.25112295,0.6736312,-0.6789688
0.07031441,0.50007725,-0.1464696
-2.4924698,-0.13504028,-2.4151585
0.20219421,0.003979206,-0.74124956
-5.311755,-1.3412709,2.2208967
-1.815136,0.4149189,-0.4097116
-1.75315,0.23183775,0.1729548
-2.2850237,-1.0560031,1.3886201
1.5561943,2.6967263,-0.34324348
0.17159367,0.84790325,-0.7559769
2.236637,1.659697,1.8774323
0.64538383,1.459069,0.5028329
1.8579941,-1.7247176,1.0940868
1.3607326,0.043865204,0.93005896
1.7473383,-2.1615672,-0.31953883
0.6095767,-1.0156536,-0.052808225
1.3554711,-2.5837674,-0.1870262
0.8874216,-0.91351557,-0.27139342
-0.11391878,-2.9443755,-0.535312
0.15540314,-1.8031902,0.01442365
0.20671797,-0.06151867,-0.58989394
-0.034719944,-0.89898586,-0.08333257
0.16318655,0.64281845,-0.9956907
0.19177961,0.3884201,-0.44110906
0.60234547,1.3870802,-0.70368934
0.25525618,0.2257824,-0.06575668
0.36102915,3.253515,-0.18458724
0.18355799,0.23430872,-0.6988733
-0.33608007,1.7879748,1.3761451
-0.7299404,0.008877754,3.2419906
-2.803903,2.7929158,-4.0358953
0.38441706,1.9927926,-1.380126
-4.5347157,-2.4710596,-1.5927303
-2.9681072,-1.2030029,-1.0070891
-4.0325356,-0.54007816,-0.3748536
-0.5949764,-0.075966835,-0.54942894
-1.0457983,12.847126,4.5501585
-1.0309305,1.3789582,0.96915895
-1.1853704,-4.9723434,6.0047255
-0.82759094,6.477251,2.5988054
-0.3779621,-8.626189,1.5375876
-1.1030426,-3.8980668,2.517877
1.0822353,-2.7261386,-2.4705768
0.2789116,-3.1789513,-0.9636569
5.5062737,2.6971805,-2.738961
0.712265,1.2910256,-0.9821935
7.190261,-2.9477715,-7.0580893
2.4841433,2.4452076,-1.0419452
4.1089354,2.7876997,-1.0269327
1.3272734,-4.3618836,-0.95603323
-0.14653301,2.7522163,-0.80799437
0.74131656,-1.071784,-0.38380718
-3.9937124,-0.284482,15.091045
1.4371691,6.7975087,-1.2945329
-1.5855045,-1.556569,-4.2807484
-1.4299741,-1.6765404,-0.70173454
-0.02645588,-1.6491265,0.15767637
-0.798399,-2.0728812,-0.8138637
-0.3669405,-2.2950506,-2.5097842
0.33363724,-0.5157485,0.08998215
-2.320879,-0.6396017,2.264085
-1.0624504,-3.1950474,-1.653871
0.42787743,-0.82666016,-1.6392152
-0.8018255,1.75558,1.578778
4.249187,-4.2838774,3.4559515
0.03184414,1.2361403,3.7885346
3.553839,-7.7958174,-2.9521403
1.4286337,-0.38019753,1.9107072
1.4919984,-10.2476425,0.64058256
1.1295598,-4.5603848,0.26746988
-4.0532265,-13.04248,4.9028897
-0.1531291,-6.799576,1.6821747
-6.746605,-5.730789,1.6435385
-2.4821444,-4.524254,3.491269
1.0990629,5.7864285,0.65002537
-0.87639046,1.5611763,-2.9933271
5.3568106,15.546708,-3.6441517
0.88016176,4.191553,0.73232126
1.9392991,16.122303,-5.0429583
3.4461155,9.193574,-3.1600728
-2.3147388,5.413475,-5.989543
0.22247219,3.591804,-2.0880306
-2.267909,3.2043374,-7.535981
-0.44474745,-0.0867672,-2.8892794
-1.73878,5.3197393,-6.3770523
-1.356453,3.7233496,-3.5419474
0.77601624,-0.715345,3.6983557
0.14269114,1.0606775,-1.551115
2.6073415,-2.9327717,6.2887244
0.3800435,-0.89937353,3.7964725
3.730718,1.3826665,0.5251074
1.239975,-0.0436607,0.6823659
4.4373674,1.8766925,-0.848876
1.6661818,0.8930931,-0.5218291
9.0848255,11.720514,-13.110197
0.8343482,0.005170822,1.193943
2.4217634,4.7227592,-2.6896553
5.875581,8.973978,-8.224413
-21.473366,-26.1344,30.847834
-3.8734803,-2.094186,8.01907
-47.63099,14.261489,-23.961369
-18.59174,-0.7620406,38.806625
12.601059,14.176302,-13.32695
67.865326,-60.69229,-7.671167
-0.057151794,1.8621931,15.61853
-6.113636,13.774961,-8.547903
4.631317,7.8644238,8.450189
1.2279596,2.2919662,7.6467943
14.348185,-2.2014418,-2.4595075
8.488712,2.6884186,1.0614529
0.01307106,-2.5361114,3.3271255
7.9211063,0.9894419,-3.1401825
-20.735775,-6.890297,-1.2205877
-4.9214525,-1.0739965,4.5971575
-19.159088,5.955115,-19.568678
-9.899026,-4.935033,-4.3568535
4.1194324,14.265239,5.2668576
-0.8924246,8.274735,-6.7775617
9.563409,-2.7410257,0.024787426
0.9230572,1.2291107,6.3932514
11.732031,2.0231886,-13.6981945
6.020648,-1.9122403,-2.5135741
-8.346871,0.4816041,-3.1608953
2.7990541,3.077073,-7.3936462
-15.566377,-7.437396,17.938284
-7.2074256,-3.5831356,3.7194574
-16.748482,-6.5453095,-2.4860976
1.1117764,4.119074,-1.0777855
-8.10219,-23.854008,23.62458
-11.113829,-5.7280674,9.698493
1.449583,-0.44202614,-1.1065788
1.1391869,-4.3449955,9.034084
-8.881435,6.438987,-4.4753294
-0.4253006,4.350795,-4.4210167
1.8622837,-4.8677425,0.47876263
-8.820114,0.0013217926,3.052271
19.306921,1.2864351,-5.9577556
6.0725136,-2.3653736,-2.2791414
7.383092,11.859979,-3.2085252
7.5154777,3.6186943,-2.6832266
2.3168716,7.628411,-3.269474
1.003192,5.0967035,-1.0842171
1.216651,-0.48302412,-1.3987522
0.63309,2.024541,-1.4989235
0.5216322,-3.3287423,1.8738918
0.48094463,-1.1252136,0.89896154
-0.14881706,-2.756549,-1.6633387
-0.20556831,-1.7212873,0.7113867
-0.91456413,-0.23741293,-4.490942
0.28195477,-0.68058395,-1.8107944
-1.734911,1.2713966,-3.5232306
-0.6797695,0.11343813,-1.4565451
-3.286642,1.8730404,-0.038864285
-1.0814142,0.8218031,-1.8115224
0.98575115,2.4152665,1.454711
-0.6455164,0.9573716,1.4336059
0.6701994,0.89312685,0.056361318
0.48102474,0.50571275,-0.11102849
-0.1227169,0.11986172,0.9111391
0.13598251,0.3571204,0.3195753
-0.76492405,-1.8476946,0.42364562
-0.20301342,-0.40871882,0.50097656
0.36653328,-0.8821571,0.245543
-0.5162411,-0.85571575,0.022305965
2.3786926,0.7072866,-0.4607339
0.46201897,-0.014684677,0.18626904
2.5818677,1.0187678,-0.5764471
1.1237555,0.37160277,-0.3275544
1.7841449,0.31597257,-0.19584423
0.9886236,0.24052978,-0.0012248755
0.6357837,0.25047338,-0.47272897
0.44520903,-0.17373586,-0.11560729
0.5392933,0.1630888,0.26158267
0.3589387,0.5472084,-0.48227772
-0.4935193,-0.8572304,1.231293
-0.09979963,-0.4199152,0.43406868
0.34371758,-0.032773256,1.0608037
-0.25349808,0.08781743,0.20084023
-0.2664342,-1.8606901,2.5556836
0.22787714,-0.74647784,0.8143306
-0.6111088,-0.88533497,0.98392296
-0.32828617,-0.14063787,0.5561609
-0.37405777,-1.990047,2.4766312
-0.038666725,-0.48143673,0.59518576
-1.1356564,-1.6687918,2.026598
-0.39431286,-1.0588331,1.5283995
0.031113625,-0.19957876,-0.62306595
-0.4520321,-0.31926632,0.13600731
2.0581665,1.3463464,-1.0637045
0.3595457,0.087855816,-0.2655201
2.6281419,2.324016,-1.9152102
1.0415139,0.72735405,-0.4473319
2.4118464,2.0514257,-2.497386
1.0409908,1.2194428,-1.0834782
1.8905332,0.27478814,-0.59535956
0.9494519,0.63861585,-1.1824174
1.5254904,-0.23484707,1.0176439
0.9196192,-0.4445014,0.10273266
1.1463095,-3.9297967,2.3243432
0.63403934,-1.2386732,0.60957766
-0.47834563,-4.5729084,2.2855716
0.6775884,-0.42290115,0.44532585
-2.8531036,-6.4319916,1.5261631
-1.5348516,-1.4150486,1.8164396
-2.614193,-4.5003815,2.4220629
-0.98661804,-3.2970276,0.05460739
-1.0834608,0.735363,1.2577143
-1.2772169,-1.1198845,1.6430998
0.27050638,2.672697,-1.9440413
0.14247799,0.79115105,0.21914959
-0.7347183,3.6843052,-2.8385153
0.0231781,1.1643028,-1.8825383
-0.323802,4.004332,-1.8208046
-0.3543334,1.6219482,-0.27352238
0.6604223,3.9892352,-2.372357
-0.0094347,1.2552619,-0.93297434
0.7769613,5.683708,-3.4318388
0.5263686,1.46632,-1.1007901
1.037132,5.565958,-1.9609829
-0.26173782,2.2321863,-0.8091328
2.0313225,4.0197,-2.4178836
1.445614,3.2989135,-0.9360621
-1.534131,-0.4843936,4.8558693
0.6929486,0.8422694,-0.96813273
-4.3832235,1.8369012,-6.217057
-1.6591105,-0.22029877,2.2666936
-6.001931,-10.637172,-4.4486294
-2.8835554,-1.5535706,-3.034062
-1.7106352,8.732687,15.137095
-4.9086742,-7.3420687,1.5191073
-4.278511,-12.455372,-6.6080055
-2.2647686,-1.4362245,-15.571127
1.5446415,-3.8581142,-0.23242092
-0.2663746,-1.6708708,-1.138608
6.646675,-2.2706718,-0.93863297
1.7470474,-1.2892752,0.34929466
4.1459146,-5.045061,0.24500084
3.3214636,-0.16272831,-2.4618826
0.8845825,-0.15777683,5.172596
-0.91252613,-3.8612156,0.42209625
2.8253264,3.7575788,-1.0660148
0.89649725,3.5142279,-0.5995054
1.8532195,1.9549065,1.979106
0.21152496,-1.7904539,-0.86785126
2.5916355,10.904031,-2.1398115
1.0610538,1.2416892,1.4468675
-0.7949877,16.025635,2.54256
0.5607457,4.263624,-1.6610537
-1.7694726,-0.4860232,1.5877862
-1.415936,8.378557,6.422099
-2.449214,-5.6809316,1.4209764
-2.822442,-3.8794303,-3.180255
-1.6960373,-9.11918,3.6157193
0.58626366,-3.1486402,3.4356961
-1.7163658,-6.7330484,2.508368
-2.0791397,-8.49843,3.6095896
0.1250267,0.37604237,-0.99807477
-0.1268425,0.415349,-1.9304876
-0.6435299,-0.64895344,3.0870757
0.16428185,-0.5179939,3.0084906
-0.90463734,1.3570662,7.5474033
-0.96663666,-0.49521446,-2.6564255
-0.6753416,4.7258263,-0.96767855
-0.0705986,0.11624336,0.30618858
-0.21833134,4.429162,-3.6133103
-0.024809837,2.8055506,-2.082675
-0.13999367,2.7256517,-3.7661874
-0.2995186,2.499836,-1.6671999
1.0310745,1.5355389,-1.9174284
0.47294903,1.4087213,-1.4447392
1.888607,0.13850169,0.30119815
0.15602684,-0.43999866,-0.6775734
3.1368551,3.0005643,0.4704037
1.2460394,-0.22177911,0.3439625
1.3536859,2.124317,0.28142756
1.1973333,1.1695585,0.3823758
0.7662935,-0.84659517,-0.26553175
0.35405445,0.40973067,-0.30784637
0.38135624,-1.2593355,0.8142891
0.10462999,-0.058217525,1.4343895
-1.1251583,-7.340149,-1.4616357
-0.1623478,-2.080546,-0.861897
0.33739662,0.844301,-3.599337
-1.7576551,-3.811348,-0.624187
-0.16108894,-1.1000423,2.361705
-0.08777428,7.5519466,0.58598864
-2.9782515,4.2356534,9.631592
-0.9805784,-0.8257052,2.3886585
-2.4586554,-5.920577,-0.3896842
-2.1634712,-0.03965783,-1.2729676
3.3087797,-2.4586563,1.0102568
0.16854668,-3.9210067,1.2686744
2.6913104,2.4643664,-0.98542356
1.9415565,0.8723414,-0.4942975
0.3017702,1.9726017,-4.9699125
1.5430799,1.9979641,-2.3441143
-0.18156576,-3.2829278,0.6955372
-0.27096367,-1.1633129,-0.07736671
2.9708407,2.0871499,-3.2673218
0.33840322,0.1298647,-0.9234817
2.5073504,0.33747363,-0.81474257
1.5526066,1.789644,-0.4754665
1.246496,-1.621942,1.0272607
0.48976755,-1.5375693,-0.42741394
-0.9675422,0.8792193,-2.3130217
0.36450267,-1.9533186,0.9667318
-1.4828825,-4.0787296,1.3204968
-0.93065786,0.17378235,-2.7879395
-0.18190241,-2.8062582,0.31342244
0.012294769,0.016693115,1.608764
-0.80118036,0.44432163,-1.811255
-0.37944603,-0.4833107,-1.0642014
-1.1009269,-0.80731297,-1.079484
-0.28474617,0.2509966,-0.31699133
-2.879066,-3.411128,3.4148602
-0.32870102,-0.4026022,-2.008365
-1.5909605,-1.7010813,-0.5253382
-0.1141634,4.009233,-0.78824186
-0.120565414,-1.6953869,-2.614437
0.24921703,-0.70810413,-1.8647757
-1.2057705,0.15053463,-0.9957905
-0.11587334,-0.39858627,-0.5162554
-1.4685411,1.3630028,2.0308542
-0.507761,0.99184036,-0.820941
0.39827442,-0.007250786,4.327358
-0.63076687,0.9760246,1.411901
2.6041932,1.2528939,2.5186496
0.7503748,0.54902315,1.5215307
3.106583,0.96275854,2.1643684
1.1975522,0.51656675,0.6665522
2.7170372,1.6361132,0.8142626
1.3175242,0.43419695,0.76629436
2.1992915,0.7544279,-1.2533166
1.0918951,1.0436518,-0.21832053
0.50727665,-0.0032052994,-0.30674464
0.42425585,-0.15374804,-0.18559057
-0.4409907,-0.9978523,0.07122588
-0.040132523,-0.31684446,-0.3374877
-0.43020892,-1.4025626,1.4082344
0.081689596,-0.053349018,0.32053238
-1.9764698,-1.0331964,2.0576782
-0.77920485,-1.4105349,0.9506972
-0.6917596,-0.5472517,0.38473177
-0.47337198,-0.020799637,0.7656741
-0.5910282,-1.1640606,-0.47224617
-0.08405876,-0.6591902,-0.7282139
-0.24993038,-2.0767546,-0.50589645
-0.39899254,-1.1621037,-0.014251232
0.07868385,-0.7345514,-0.13936543
0.15455341,-0.3168831,-0.42936206
-0.8250561,-0.058769226,-0.08325553
-0.12044668,-0.37011814,0.15357566
-0.17208767,1.3613024,-0.9176192
-0.68014765,0.18476772,-0.19960713
1.7252328,2.448862,-0.2687192
0.22614765,0.43490982,-0.3313383
2.2225184,3.0150108,-0.09713483
0.9550638,1.3105621,-0.07748926
1.4907746,1.5803876,-0.49548924
0.8054638,0.7662816,0.11039549
1.2801092,0.709538,-0.5575854
0.51740885,0.48168564,-0.29709545
0.50429034,-1.5105486,0.313982
0.5265403,0.10738373,-0.21123724
-0.044554204,-2.2986617,0.5236925
-0.022385538,-1.4496918,0.30145288
-0.2778805,-1.0503864,0.71084356
-0.056792676,-0.38877296,0.15461135
-0.70748997,-2.1365957,1.2359099
-0.18311071,-0.8908787,0.5212996
-0.3071946,-1.1769495,0.80864143
-0.31918752,-0.803812,0.5083368
0.051612258,-1.0752573,0.3774333
0.0682745,-0.29896355,0.18945956
-1.036568,-1.1689367,0.40319538
-0.045891166,-0.72666645,0.23506069
-1.2077007,-0.14328575,0.030920267
-0.6105056,-0.61268044,-0.046099424
-0.23596239,2.093258,0.45623207
-0.35481024,0.444829,-0.012937069
0.70302105,2.498848,-0.24884939
0.00863409,0.7580366,0.68656015
0.8942534,3.1697135,-0.34513378
0.3976413,1.2302938,-0.43540645
0.65595007,2.195562,0.3388524
0.34625816,1.2657208,0.020732641
0.20168555,0.946435,-0.67932606
0.24859726,0.4892645,-0.028712034
-0.06614411,0.6441035,0.31719542
-0.10822046,-0.096493244,-0.20458364
-0.1872474,0.30599403,0.7899723
0.14678013,0.58350515,0.33396578
-0.31058502,-0.62867355,-0.06973553
-0.10990167,-0.14186192,0.33537722
-0.47945833,-1.3426719,1.6274118
-0.05709052,-0.583498,-0.049446106
-0.3000915,-0.57723284,1.2524133
-0.3223033,-0.43225288,1.1080022
0.058811665,-0.9477844,0.7535577
0.014655113,-0.3139143,-0.23176956
-0.21586728,-0.44300652,1.397747
-0.07992816,-0.2513461,0.816412
-0.24115801,-0.10416651,0.38612938
-0.34434485,-0.24287987,0.3252697
0.10599661,0.5570712,0.24647999
0.12606454,-0.2196145,0.2129097
-0.31311703,1.59553,-0.2437458
-0.23104048,0.31935072,-0.021156311
0.5110185,1.4148932,-0.80879784
0.011400223,0.8258524,-0.067136765
0.6156148,0.45959234,-1.3163004
0.29745913,0.44890022,-0.71218777
0.52134836,-0.016097069,-0.3546691
0.15744972,-0.010302067,-0.32658672
0.50069535,-0.51531315,-0.4051485
0.24995983,-0.1597166,0.03950119
0.43578637,0.17052889,0.42674017
0.13946497,-0.20038366,-0.31222057
0.5933807,0.30539274,-0.6579757
0.15298486,-0.06810188,0.59020615
0.5530002,-0.002213478,-0.30566883
0.21907872,0.3295579,-0.9832244
0.62747836,-0.34990072,0.33607817
0.20085625,-0.30667973,0.67477655
-0.38630113,0.16381311,0.0978179
0.18640509,0.5384779,0.005908489
-0.7755576,0.33543205,1.4088907
-0.0857034,-0.18984747,0.2611928
-2.342558,-1.984766,1.1754098
-0.37606907,0.019937038,0.10257149
-2.0870924,-1.3187995,1.3435745
-1.139606,-0.9344368,0.89819527
0.30341482,1.0016704,-1.1397872
-0.50760293,-0.06991339,0.20523167
0.43668175,0.13300085,-0.44938946
0.19979763,0.45899868,-0.647697
1.4686234,0.82086706,-1.6265669
0.048126936,-0.058446884,0.20474815
0.5073432,-0.48330164,1.4840498
0.24808526,-0.059550285,-0.08297062
0.47595835,0.50891495,0.29472828
0.111545086,0.07440996,0.7908163
0.2981676,0.6881194,-0.20026207
0.20155334,0.23966694,-0.39172173
0.104477525,-0.022826195,-0.3395748
0.069930315,0.12636185,0.27147198
-0.0073423386,1.0354874,-0.45296383
0.035140395,-0.16165972,-0.56417656
-0.26711285,0.02831459,0.02199936
-0.13264501,-0.2638197,0.319005
0.031561255,0.019626617,-0.19729614
0.06616795,0.35272932,-0.7039428
-0.38669348,0.3161521,-0.23447084
