x,y,z
-0.061802864,0.100403786,-0.042720318
-0.013504982,0.13780785,0.105968475
-0.023966074,0.3042493,0.06475496
0.07353461,0.34794855,-0.05049467
0.03327167,0.23800993,-0.06755924
0.056536555,0.10482502,-0.027915
0.026989698,-0.0386405,0.063344955
0.031064034,-0.14731312,-0.08051014
0.068914294,-0.031456947,-0.13120556
0.06708956,-0.24691105,-0.1682477
0.07511544,-0.08294058,-0.043322563
0.040412426,-0.2262311,-0.039984226
0.033525348,-0.13712597,-0.019460678
-0.08733618,-0.259377,0.099401474
-0.09726703,-0.1675334,-0.022191048
-0.027008295,-0.122544765,-0.01726675
-0.029543757,-0.018669128,-0.040163994
-0.018908024,-0.0119485855,-0.02570486
-0.053472877,0.038321495,-0.03637123
-0.1598705,0.3202572,-0.25005674
-0.16973782,0.32601547,-0.12939072
-0.27411938,0.0875988,0.044369698
-0.3026166,0.17711401,0.0667038
-0.16915798,0.3861003,-0.029327393
-0.13737452,0.55049753,-0.1382885
-0.18138933,0.78289175,-0.23254013
-0.18351007,1.0036421,-0.24995661
-0.18180251,1.086695,-0.28868437
-0.13933802,1.0877507,-0.5525074
-0.11062837,0.8677771,-0.66925645
-0.15814257,0.73465514,-0.5999403
-0.21613288,0.6540539,-0.590821
-0.18889046,0.52125764,-0.4715953
-0.2220211,0.34279895,-0.5025506
-0.36427522,-0.016581059,-0.43042517
-0.7924216,-0.31247258,-0.26781082
-0.98522425,-0.36087275,-0.18059254
-0.92167854,-0.16506982,-0.17840314
-0.86415386,-0.036691666,-0.31797242
-0.85798407,-0.060257673,-0.37971556
-0.9245205,-0.083001375,-0.43915105
-0.899683,0.028090715,-0.3913815
-0.7228966,0.11604476,-0.31790483
-0.7461271,0.034429073,-0.06402063
-0.9509988,-0.16490436,-0.083877444
-1.1173592,-0.15150714,-0.30038023
-1.4153662,-0.61181355,-0.19377565
-0.821558,-0.67043734,-0.07958007
0.031956673,-0.27891588,0.23100996
0.3422327,0.13254857,0.09728098
0.035154343,0.8433144,-0.19822943
-0.6471119,0.8155334,0.0447495
-0.18890476,0.960176,0.18186855
0.0032167435,0.8167747,0.23591435
-0.056167603,0.3878944,-0.05587387
-0.03135109,0.36317408,-0.3345557
-0.17482567,0.34582078,-0.46847564
-0.15479279,0.37148964,-0.3457931
-0.19253826,0.15041292,-0.21517852
-0.07878876,0.16215265,-0.40586486
0.06296539,0.019501805,-0.35015857
0.13529968,0.015545726,-0.576528
0.0789299,-0.41449487,-0.61414415
-0.4505434,-0.57326674,-1.2021009
-0.3940754,-0.46189272,-0.15489674
-0.37325764,-0.14544702,0.9198384
-0.1852541,0.36047137,0.58256745
0.12660313,0.31957448,-0.08684358
0.031993866,0.2137214,-0.8064016
-0.25227165,1.3534193,-0.93900883
-1.0118742,-0.90054107,-0.44773674
-1.5102777,-1.0023227,-0.7998686
-2.3977356,-1.3815823,-1.2995124
-3.4453163,-2.338355,-3.5744853
-3.9824562,3.8756585,5.235869
0.13579941,4.201182,3.7616096
-1.028595,-0.21952812,1.9017748
-1.8442917,-2.3332038,0.8049501
-1.5159187,-1.3017144,2.6450498
-0.5258255,-1.2039111,1.0048342
-0.03926468,-0.1591196,-2.3341439
-0.21666527,-1.3981533,0.6084485
1.9697647,2.2708914,-2.4637156
2.5201912,-0.3945701,-2.3107445
2.458745,-1.3956125,0.7843145
2.321354,1.1616074,0.8390651
1.854949,0.44616473,-0.7347984
1.772501,-1.2084365,0.74943113
1.8821573,-1.7310798,2.100798
1.3241005,-1.0726485,1.7321799
1.3837252,-1.1645694,1.149967
1.0801849,-1.206543,1.0102587
1.2552004,-1.1460667,0.62204885
0.7021961,-1.623743,0.7321501
0.90296364,-1.4192038,-0.5534611
1.5524325,-0.5635252,-2.3201423
3.2858617,0.609283,-4.351804
3.7854047,2.712891,-3.9864693
3.202594,3.3037825,-3.8951583
2.6242688,4.0159917,-3.6880865
1.5860624,3.6550956,-2.3174715
0.9844342,2.041997,0.29427385
1.028433,2.906588,0.0059933662
0.43601525,1.6395669,0.9615164
0.8337383,-1.1878195,0.28592825
-0.4593308,3.9040837,-2.60424
-1.291492,3.8225117,-4.092327
-2.5473156,0.9141183,1.5993018
-3.2483795,-0.6377311,4.196924
-2.7976065,2.1017418,3.2223327
-4.7447214,-4.667588,11.602325
-2.9937181,-8.944797,14.559826
-2.930354,-1.5292625,8.057215
-4.4404793,12.254121,-1.075202
-9.023161,6.0345364,-21.6667
-10.877348,-14.070277,-7.7482576
-2.7002068,-10.80695,3.1607146
1.9432335,-5.7044067,6.4174623
3.683073,-2.45257,2.012537
3.59066,1.4964657,1.7829528
1.941,3.3940778,-1.6737251
2.1539516,2.7621415,-1.506354
2.7085552,-1.42552,0.54370594
1.5771818,-1.5436358,4.4008765
1.3219833,-0.06855297,0.45990086
2.3124695,-0.67364454,-3.0537152
2.0453959,-4.3323402,-1.9467162
1.4086523,-3.5802145,-1.2811409
2.5977826,10.658039,2.2185993
1.5445948,-4.775219,1.5639386
1.9676733,3.1450338,-3.162309
1.935051,2.2993598,-5.580321
0.7664876,0.66867065,-6.0414553
-0.4885807,0.30996323,-1.4792252
-2.7383056,-7.193386,3.2088642
-0.5113621,-2.7389717,1.597051
1.1483226,0.94388723,-0.60364616
0.31967592,-1.6100702,-1.4053056
-0.9430914,-2.7374144,-0.6174543
0.544106,-0.96741295,0.8398541
-0.12218523,-2.5237799,0.9941289
-1.1599951,-1.3240843,-0.8316903
1.7062016,2.260069,-0.3729236
0.0454154,-1.6610384,-0.26165533
4.1631823,6.201517,-1.1818349
3.864219,7.28178,-1.9055915
2.3428555,5.6088266,-0.72924614
1.3722476,1.2789569,0.069583416
0.20862815,0.62239957,1.2795582
0.8031324,2.2462764,-1.0627337
-1.0535271,2.1547282,-1.8998518
-0.6742574,1.3790259,-1.2159052
-0.8789532,1.6441243,-3.5761395
-0.115101576,0.2906921,-0.49135494
-2.0641086,-1.954565,-5.2070656
-0.2683468,-2.4108646,-10.466862
-4.871272,-0.89479506,-5.7993374
0.45568419,-6.353996,16.824162
-13.293637,-6.2607956,23.10086
-6.7810383,-4.1340885,14.547047
-2.734026,-12.182783,3.953227
-2.5404377,-0.88176155,-10.82077
-3.1489754,14.47509,4.4672766
0.94350624,50.63127,31.946503
1.8741093,-4.8183556,-10.76697
-4.741255,34.13862,24.321869
7.970496,-17.658297,-19.02237
3.5734253,-12.784567,-13.418534
3.977107,-15.515659,-8.060755
3.406495,-5.0956507,-7.0175505
-3.9673862,-11.647435,-4.1663866
-4.330374,-6.4185314,-3.3039198
-2.1340065,-1.4815166,-3.7555904
-2.0031967,-3.5745144,-2.763666
-0.028633118,1.7207792,-1.9602826
1.091053,-0.13679075,-1.651444
2.2719355,-0.09827232,-1.1335385
-0.119623184,-0.052167892,-0.50175047
3.2439117,1.3747859,-0.21692467
1.244071,0.23170471,0.2932737
3.3627892,1.6024334,0.57383204
1.0535345,0.58732295,0.38410783
5.1960464,1.056223,-0.33031178
1.5326905,0.7878399,-0.6956029
5.289719,0.062918186,-0.19235778
2.5487907,0.20575488,-0.37593699
2.903026,-0.47050655,0.047470808
1.6909173,-0.11112046,-0.29139948
-0.26163042,-1.3475139,0.14294648
0.8545934,-0.25255775,0.7948065
-3.9319413,-2.1888556,1.619586
-0.7987466,-0.57036734,-0.07437444
-5.457427,-2.5454826,2.240108
-2.0447407,-1.2659564,1.167051
-5.326297,-1.4016762,1.6754798
-2.2105799,-0.67335796,1.5304615
-2.2498684,-0.30070448,0.8584446
-2.1800117,0.7974076,0.005441904
2.3221264,1.7346396,-0.52975386
-0.21621227,-0.11412954,-0.6623555
4.155099,2.835242,-0.5204417
1.442627,1.311964,-0.23654848
2.9520326,0.7308645,0.6009629
1.8739781,1.4177728,0.009205401
0.8162737,-0.35369945,0.83179533
0.767581,-0.024105549,0.5354136
-0.2289238,-0.59003615,0.68742967
-0.0024762154,-0.24431396,0.15035224
-1.3837094,-1.4358225,0.29542327
0.21154547,0.24254823,0.29939556
-2.2457876,-2.3316746,0.07362723
-0.96382713,-1.1689587,-0.15514088
1.2249632,-1.7762995,1.725666
-0.93678474,-0.63730574,0.2524736
2.9170609,-2.1792011,-1.280301
1.2540035,-1.1066189,0.52136016
1.795486,-0.40177822,-2.5363069
1.0449152,-0.65400124,-0.9566907
1.819495,0.97122574,-0.20775777
0.6143849,0.7349739,-0.3245011
1.5929887,3.099791,0.20297277
0.7912017,0.3703661,1.0722604
-1.101002,3.657104,-2.2664745
0.22852254,2.0953803,-3.5482476
-13.864998,-9.951928,0.29877055
1.9933958,4.600424,3.8763685
-1.3536348,5.0435076,-3.2360947
2.9230242,2.2640352,3.64587
-0.37559986,-4.153066,-0.8430784
-2.7655964,-3.7106457,-1.699513
4.1063466,-0.34453058,0.59476507
0.7065716,-2.0469885,1.1176807
5.8029594,1.4296608,2.5954344
1.5671568,0.9471612,1.7729352
5.52783,-3.7347918,8.019254
2.2660115,-2.1205845,-1.3661156
2.0463078,-10.871159,4.631201
3.2081432,-0.33345604,0.9091692
-4.9876566,-19.62292,4.601063
-0.3420427,-6.489271,0.6309233
-11.160984,-17.741474,2.2149563
-2.9598808,-9.635315,3.0234127
-7.7813797,-3.4896889,-1.6796856
-5.804455,-4.70805,0.03897667
1.7324371,14.910032,-5.336536
-2.5580082,0.6245003,-1.0418673
8.03928,21.873184,-6.1661806
2.0928197,9.061802,-0.8465347
3.2302494,15.353377,-5.411397
2.032117,7.5691004,-1.3701868
-1.0944128,7.4644384,-11.705606
-0.04460478,4.982568,-2.542295
-0.4162159,7.866922,-7.8450975
0.24080992,2.918739,-7.293247
0.71646786,0.13344187,2.2475424
-1.8705406,2.979897,0.7458315
2.9277768,0.10669446,5.536952
1.2041669,-3.1771038,0.70584965
2.3688445,0.5255763,3.0229251
1.6861444,-0.1049304,1.9055586
1.718097,2.1945033,-2.3782573
1.8672589,3.538961,-4.2495594
2.5710413,-0.9973085,3.6040392
1.4232845,-1.1163517,0.13073444
9.836487,14.542538,-14.911311
1.2663789,-0.99895287,0.5407553
-3.1060488,6.2927475,-3.6179466
6.0918903,7.1087933,-8.789408
-28.086193,-27.603928,32.75249
-7.5433407,-2.3099127,4.9078026
-38.479874,13.512041,-19.763664
-21.550285,-4.4411077,42.38342
17.625874,21.170195,-9.880926
58.89338,-61.805992,-9.711684
-1.087409,12.617079,10.4849415
1.4155526,2.2261825,3.6871548
-0.26931214,14.383327,2.042595
1.9743774,15.123031,-4.725362
4.853755,-10.63022,9.221823
-1.1196504,-3.0952017,4.2945957
25.166851,-3.4978952,-7.9024
8.938736,-5.580576,1.0425062
-5.33774,0.4874649,0.7698679
4.2360992,6.312422,-3.5877695
-3.1269178,0.32568136,6.9282074
1.6808624,-5.439582,4.244049
-4.59525,-1.5245991,1.3785038
-0.9520483,2.715541,2.409935
-5.711833,-0.32911205,-7.197818
-3.4287944,-0.6887059,-3.9630413
-4.0944667,0.11085224,-4.911396
-1.8895569,-0.80092716,-1.4715657
-2.1026413,0.7791264,-5.4712486
-1.3671429,1.2479304,-2.7599714
-1.0711043,-0.027228355,-2.8834205
-0.667119,-0.14000916,-1.8208725
1.9373655,-0.83583045,-1.623513
-0.23568058,-0.25299025,-0.41540658
2.9750338,0.48471236,1.2219925
1.5163527,-0.1096313,2.5442078
3.0605087,2.3186748,2.651862
0.75434685,1.3981436,0.6736226
-10.785672,-2.8899422,4.0028844
3.3297963,-0.530262,2.3197446
-24.322369,-0.53396845,-16.944204
-9.524502,-2.468557,1.908951
-2.2756853,9.769789,6.9831357
-11.342768,-2.9901028,-13.073972
8.222877,3.8937097,-6.6894846
10.867756,12.848717,-12.089816
13.374124,14.661858,-11.281666
11.306833,13.955938,-5.134821
-6.4055963,-4.953804,2.5072994
-16.762419,-14.644216,9.495959
-13.755753,-10.363688,12.22649
-16.051407,-15.495522,9.7633
-13.266994,-13.398495,4.291779
-9.414848,-8.625603,6.559074
-11.246014,-5.1082,11.0073
-8.99176,-5.161625,11.491375
-3.9925957,6.8847504,3.0318937
-11.935936,6.2924886,0.5414314
-10.888985,-2.4467287,9.866629
5.99881,-10.433264,5.7201138
21.086685,-2.322525,-4.394373
25.729279,-5.9101353,-4.7017136
17.749264,5.7008505,-3.6833048
7.5992928,7.8470173,-3.739441
4.6612873,5.838802,-1.9029102
4.8771315,2.8664932,-0.60647964
5.364636,2.4198895,-0.98267555
4.2577395,1.4322753,-1.2249727
3.6351337,0.5856819,-2.3974829
2.3142276,0.8222647,-2.9762735
1.3217483,0.8740792,-2.3231301
0.72946453,1.1570039,-2.2973843
0.08684969,0.9396806,-2.2548578
-0.56652546,0.68413925,-1.4093983
-1.668086,0.75350046,-0.7870927
-2.454297,0.7795043,-0.41793156
-2.4732695,0.6245303,-0.35021973
-2.2846804,0.26485777,-0.08470273
-1.7671213,0.28136587,-0.16146994
-1.2290239,0.35935187,-0.2504406
-0.88617325,0.47821617,-0.5188379
-0.9027214,0.38880205,-0.5925455
-1.0772676,0.15842843,-0.5661683
-0.91316605,0.03703785,-0.5967878
-0.86483574,-0.08662033,-0.49073684
-0.96108437,-0.13971305,-0.28649044
-0.5047703,-0.15070796,0.11850691
0.28066826,-0.081130266,0.34246278
0.6454439,-0.07490778,0.13643241
0.63373375,0.08077121,-0.053653955
0.39486313,-0.39267063,-0.063452005
0.54844284,-0.582284,-0.06512594
0.87045,-0.089188576,-0.23321676
1.1654072,0.50833416,-0.42353845
1.4721661,0.80187607,-0.32009792
1.5964746,0.710866,0.11691797
2.140316,0.9039149,0.08708584
2.643134,1.0596445,0.14001083
2.6569476,1.067374,-0.017653346
2.5830455,1.216356,-0.35299873
2.643008,0.36168525,-0.18914437
2.5848498,0.2835765,-0.16855335
2.1477008,1.2923986,-0.57369006
1.6120331,0.79036015,-0.16183496
1.3841279,0.5426055,-0.30890107
0.29897514,0.09290749,-0.23906851
-0.2729395,0.31535316,-0.08098626
-1.0557475,0.28610194,0.12897891
-1.8478796,0.1018939,0.5652175
-3.1286502,0.034566164,1.0512694
-4.218027,-0.4207092,0.9501568
-5.2109585,-1.1733044,0.8210883
-5.6441746,-1.0726956,0.87332606
-5.671667,-0.68958974,0.059402466
-6.2592735,-0.16399312,-0.2669077
-6.161867,-0.589159,0.39152932
-4.85837,-0.9961065,1.9391613
-2.2206306,-1.5844629,3.586998
2.9994507,-1.1412363,1.3226748
6.4399023,-1.8581562,-1.6434574
7.2106323,-2.5437632,-2.0294135
5.707328,-1.1606603,-1.6374607
3.914711,0.73430395,-0.7323234
2.133069,1.0108528,-0.1300509
1.3651638,1.2031667,-0.0035533905
0.99782085,0.43905234,-0.5661566
0.851594,0.21663737,-1.0641284
0.7580085,-0.2934575,-1.1713748
0.90956974,-0.2077322,-1.1113001
0.9253578,-0.056334496,-0.64227915
0.6918278,0.22903156,-0.52598035
0.5990634,0.3978753,-0.5174376
0.73123026,0.47682214,-0.5763263
0.66565275,0.40936184,-0.3473968
0.4382763,0.22368431,-0.02160409
0.29275513,0.2167077,0.13327315
0.35131788,0.05594945,0.028600127
0.19113302,-0.25532722,0.12249974
-1.0866508,-0.4376893,1.3716519
-1.8124952,-0.55746555,1.8539253
-1.3806467,-0.47016716,1.6645865
-1.1640234,-0.1461463,1.4192941
-1.8068514,0.30639434,1.5197315
-2.0665646,0.49488902,1.3541679
-2.3308468,0.3535037,1.3753877
-1.8824749,-0.08940911,1.4395332
-0.6117878,0.11286211,1.0454168
-0.17089462,0.4767561,0.5035796
-0.44494438,0.6437597,0.012768269
-0.42726707,0.6066067,-0.32127047
-0.10949612,0.100157976,-0.55497503
-0.08233547,0.34451008,-0.52067137
0.29973316,0.57138073,-0.56767035
1.7961359,1.2697341,-1.1800189
1.8038149,1.3565925,-0.963603
1.1544409,0.86821926,-0.6167054
1.07901,0.16492659,-1.0474465
1.8734932,0.07337495,-1.1438432
1.9927607,0.25688356,-0.9389188
1.2462535,0.14755033,-0.64994144
1.1423678,0.14806232,-0.6917747
1.245965,-0.3112967,-0.8304049
0.57063866,-0.3815723,-0.22653365
-0.09907436,-0.3422728,-0.16030443
0.20474339,-0.10106835,-0.07501364
0.19079542,-0.21025127,-0.080186844
0.010251999,-0.23875648,-0.03752899
-0.4791746,-0.31216216,0.081709504
-0.15650749,-0.69318104,0.2576207
-0.28557158,-0.23830914,0.42076957
-1.0270567,0.14781094,0.7228501
-2.3213835,-0.057097673,0.68480587
-2.7743397,-0.54373026,0.7569916
-2.02534,-0.66670346,1.1632786
-0.54079914,0.22606492,1.2884607
-0.21433544,-0.0974201,1.1892996
-0.6397667,-0.38412952,0.698328
-0.83542824,-0.6411736,-0.095500946
-0.47644615,-0.4057541,-0.35072327
-0.49033165,-0.500252,-0.10647631
0.70209503,-0.6465392,-0.18766308
1.770175,-0.55169106,-0.42043304
2.219304,-0.5676031,-0.45141935
2.1773057,-0.42762232,-0.28737593
1.1268578,-0.1878705,-0.43521595
0.41626358,-0.08346224,-0.50838184
0.0656786,0.2760265,-0.52915883
-0.3854742,0.3804512,-0.3662429
-0.48267555,1.0172951,-0.12253857
0.06343365,1.3881001,-0.36955976
0.46350908,1.1703252,-0.65943
0.84673786,0.4640025,-0.5568769
3.0456727,-0.34047067,-0.22462416
1.117198,-0.25927305,0.08148694
1.8412392,0.8208595,-0.9039967
1.2427492,0.10550296,-0.6214621
-0.9836283,1.3377895,1.1253598
0.27759314,0.46085474,0.23296237
-3.1995058,1.2909349,0.6302347
-0.87088585,0.030940339,0.22407246
-4.080099,3.8781056,1.2098796
-1.69802,-0.24548674,1.6048231
-4.1497784,3.417719,3.610526
-0.8630791,3.8468094,-0.26044416
-3.79776,-1.212471,4.3137293
-3.0771923,1.513258,2.8680477
-5.4614906,-10.830141,3.2988863
-0.939497,-1.0258484,2.310485
-1.1559658,-4.980663,-2.1114435
-2.79002,-4.4824085,0.8827534
3.8685331,-4.431676,3.099369
2.013111,-2.2969074,-2.4876242
-1.6719913,1.464313,-4.1647925
1.7186909,3.9910126,-3.10217
3.832034,6.343599,-8.122207
0.2858448,3.0210114,-4.223676
1.0532808,7.209119,-0.43230045
0.5162735,1.941524,-2.94592
4.5089674,-0.9715824,-2.0845864
0.57658005,3.1583443,2.5456207
8.583614,-5.7458334,-5.6537724
3.2272577,-1.0770388,-6.3060503
1.7222121,0.97476125,1.5263376
3.003787,-2.4637156,3.0362525
-1.5620017,-9.734686,-1.4967875
0.3119583,0.40614557,-1.8022356
-1.9440193,-6.037775,-4.144459
-2.162013,-8.205152,0.8978605
2.2585628,3.8106604,-17.558477
0.66707754,2.2197065,-4.3497887
7.092387,13.714168,3.5965872
2.7570758,2.9451754,-0.10234642
-2.0615973,0.9854586,12.456366
6.5304947,-2.3250923,-5.3603735
-18.052467,-9.71492,22.36545
-2.5973492,-1.2912393,10.283968
-18.079248,1.1686473,-1.8964167
-10.458279,-4.0925665,18.822506
1.6622753,3.0011935,1.3433647
-7.2288933,-0.023711205,-1.2103701
2.875595,10.438102,-2.6409645
1.8878822,2.2367463,5.643319
5.1125183,3.870922,-8.989821
0.53074646,4.7405815,-4.5537043
6.726259,-4.209159,-1.359097
3.5218067,-1.4358525,-2.5767922
3.51503,-3.6862597,-3.3453913
2.3844614,-2.4174333,0.22020674
0.4733734,-0.8193202,-3.42164
0.2447319,-0.9610672,-1.858875
1.7379513,-1.5221982,-0.5828936
0.31549835,0.2899313,-1.1621808
3.0749602,-2.9663625,-0.29023814
0.8647256,-1.1415215,0.28619263
2.960651,-1.1488891,-2.0509143
1.6297307,-1.0126333,-0.50353646
-0.13377047,0.36322594,-0.50000894
0.737226,-0.35899878,-1.047843
-0.7187643,0.24678278,0.7605386
-0.35274887,0.22842598,0.3273865
-0.9045634,-0.35486555,0.0011360645
-0.025763988,-0.0049319267,0.21831208
-1.7678957,0.7047615,0.22706014
-0.47563362,-0.23388577,-0.22089863
-3.1161566,1.6630111,0.80711186
-1.1822262,0.57705975,0.43074343
0.9242964,0.92553926,1.7374797
-0.8350115,0.69347596,0.46689332
1.7057996,0.53269744,1.3637528
0.7438822,-0.03295207,0.7885258
4.3573723,1.0147381,-0.40245867
0.5193987,0.67394876,0.48711896
5.2296114,-0.9477327,1.6785581
2.5884683,-0.24492884,-0.83648705
2.8655958,-1.3182297,4.698948
1.2609053,-0.66745377,2.258037
1.9684546,-4.745161,-0.3721509
0.73423576,-0.4979005,2.5122814
-1.9587674,0.6359601,-1.1073565
0.1775468,-1.7948856,-1.6740503
-7.144824,2.380135,3.7108822
-0.45236182,1.6412725,1.1521978
-5.9099483,-2.9534569,2.9638233
-3.650591,1.1437206,0.44270515
-3.0611506,1.0905366,-3.9657063
-1.5009823,-2.3298602,-0.20131111
-3.2529325,0.045775414,-7.3489866
-1.3586359,2.7935457,-2.2608826
-4.1808033,-3.3207827,-3.6274123
0.07474518,0.39225006,-4.0668216
2.0490084,0.5513687,-3.1298733
-2.2604008,-1.2897387,-2.5072422
3.1149683,3.3071506,-0.6224375
1.0037203,-0.37339306,-0.8764343
3.9536567,1.688648,-0.58849907
2.1150904,0.2180562,-0.5068836
1.9343958,-0.2848878,-2.2014594
0.5362253,-0.83201885,1.4196715
-1.5522575,1.1392355,-0.2973218
-0.9198952,2.1403491,-2.1117764
2.7654486,-3.4001923,3.761712
-1.234932,-0.2898755,4.586411
1.5540452,-0.070598125,-0.8846936
0.9455552,-1.7460241,-2.4218063
-2.1207867,4.732825,9.879389
-0.3429289,1.5733328,-0.4116018
0.34900475,-2.285956,3.2455168
0.4041729,-0.57734823,4.282095
-0.51666737,-5.2360525,0.21379614
0.83080864,-1.031187,-2.5354826
1.8188396,-0.35043812,-2.5512762
1.2667212,2.814249,-2.9061491
1.4021654,-2.971961,2.9897597
0.57407236,0.44081497,0.23558974
2.3363976,-4.353053,8.589094
0.30623817,-1.8788395,4.9346704
-0.6299114,-2.4742565,-0.91310406
1.2379386,-5.0572243,-1.4485974
-2.0822935,-3.2764645,1.3468151
0.031069279,-0.36698532,-2.1060824
-2.7489624,-4.514553,2.2300014
-1.2414227,-0.45450783,1.5635748
-6.0901012,-12.192177,11.014196
-0.7135687,-1.8607731,0.5858898
-2.224945,-4.3428154,2.9553452
-2.8719778,-4.0833817,2.9487
2.1642733,6.6906967,-0.20593834
-0.22530174,-0.9292679,2.3949432
5.5727777,16.949978,-7.0266027
1.3631458,4.4797926,-0.72146416
2.0538077,13.809144,-13.136832
2.29357,6.950073,-3.9547408
0.5331888,5.853156,-10.000944
1.2927918,2.4343808,-5.1763053
0.46116972,6.400038,-11.109123
0.81152964,0.29441488,-5.3231897
-2.206563,3.6544638,-1.9756842
-1.0582409,5.127623,-2.8396301
0.6527529,-6.181739,3.76783
0.2001772,-1.4448912,-0.8201866
2.7912314,-3.4147003,4.758414
1.8047755,-0.38803303,1.186718
2.6199248,0.50554514,-1.8944254
1.1006113,-0.39203015,0.94043446
3.617273,4.4486313,-0.17346
0.6816346,-0.15309787,-0.25351715
9.104405,15.0915985,-17.13695
2.2673125,-1.1041765,2.217699
-7.1557884,2.475892,11.9768
4.2171674,8.233173,-10.097143
-28.049458,-18.957794,18.786888
-2.6517477,-10.6359415,9.0249195
-26.730125,-18.095377,-3.2124598
-16.963245,32.222507,-19.79069
19.223888,18.598251,6.0294185
34.040344,-31.986477,-1.1471615
4.80959,-7.6935873,21.514656
-3.5275607,2.086327,5.3969517
4.7694387,0.3591814,11.94906
3.3619633,-0.03214526,9.078556
5.2576065,-4.0918655,4.9797745
-0.20842981,1.7650855,4.8143463
18.889975,1.2461088,-9.227697
9.2686405,-2.7574015,-2.551546
-4.3006973,-2.5891085,-2.6764784
8.6723,0.6904373,-3.8627481
0.8660641,1.2141542,1.370822
-4.3459806,-4.7391825,0.537158
-3.725318,3.295277,2.1580105
0.82747364,2.7678626,1.2401562
-3.8221178,-1.7620268,-3.4277573
-1.8822737,-0.81357765,-0.06541538
-3.9826965,1.5310457,-2.8536167
-1.2035761,0.29187107,-1.8768802
-6.252819,1.6945696,0.03995037
-1.9362793,1.1228321,-0.67928505
-18.295128,-4.9677124,0.34366035
0.43757296,2.0948033,1.9453001
-30.201782,3.0399833,-27.001225
-13.396118,-8.754385,-0.05019331
7.7545586,6.454776,14.346877
-1.3991451,10.634091,-19.231236
4.5365105,8.768682,-10.527472
-2.5975513,-3.3120956,13.195967
17.515697,15.420372,-27.47297
2.1756716,2.3010616,-13.163578
-3.3178282,-3.114994,10.998607
21.262386,15.5848255,-11.702324
-17.168098,-1.2803783,11.429687
-4.642374,-11.516353,20.881886
-40.173565,-24.104595,16.626652
-21.979958,-9.0189085,-7.0967216
-12.206974,-17.769924,14.587196
-8.931038,-9.978371,12.4249
9.734211,-6.0260696,6.0319777
-7.476433,-19.47837,6.7181854
2.4612808,14.019459,2.9941292
3.3526764,7.9366264,-2.6545763
17.554413,13.476385,0.20110893
2.4594002,3.3063116,8.252907
14.829847,10.9788,-5.362952
7.851555,6.879332,-5.6035433
14.793336,-0.40401816,2.8662014
5.5067673,3.0680282,0.31127357
13.761555,-7.9289207,0.8243885
4.53384,-2.2091289,1.1129436
4.17499,-4.2792234,-3.011177
4.136862,-3.7346907,-0.47760868
0.04423237,5.3785048,-4.8305187
1.189784,0.82969046,-1.7615051
-0.40001392,4.723345,-3.540719
-1.04667,2.822211,-2.213962
-1.9248142,0.47925305,-2.521716
-2.745782,1.3731953,-1.0055795
-7.0145855,-1.802661,-2.1130357
-2.55865,-0.37223554,-1.258873
-3.5682201,-1.367528,-1.7710211
-1.8760738,-0.32206154,-0.8315928
-2.0005417,1.6264982,-1.647726
-1.3125248,-0.64609146,-0.5105822
-0.6638031,0.8920119,-1.0071089
-0.45548058,0.66588974,-0.8437472
-0.26086044,-0.036581755,-0.5568535
0.10426521,-0.68536115,-0.27211046
0.33641243,0.6186483,-0.056164503
0.5110359,0.43117738,-0.44200194
0.5017433,0.30353498,0.08486807
0.52184486,0.16208434,0.34545052
0.96834946,0.13591218,-0.07004678
1.70154,-0.40794563,-0.4861292
1.8719845,0.5862708,-0.67121065
0.551445,0.03351283,-0.12311706
0.99954987,0.3631487,-0.28565395
2.0111103,-0.32533813,-0.30540168
1.7222805,0.386312,-0.07287394
2.302042,1.3014545,-0.16922246
2.8447065,0.09130299,0.33146462
2.968296,0.85215974,-0.3425513
2.9830375,0.40287942,0.5836867
2.2094727,-0.8668574,0.24025029
2.3809376,1.4708974,0.40965247
2.351236,0.7452414,-0.04428017
2.29392,-1606.0485,1.2526546
1.4037526,577.473,0.7235522
0.9520316,368.86563,1.5433373
1.3463314,237.3642,0.29514098
1.1252059,152.8769,4.0594525
0.5301279,96.66596,0.9906783
0.287184,59.152527,4.404997
0.6235647,38.438354,2.2399921
-0.16173638,24.948378,1.9040079
0.23972149,17.008919,1.0362215
-0.18981102,9.843751,1.8706255
-0.14599568,4.6435966,0.49387836
0.36012036,2.7052827,0.9228687
0.818876,2.1910677,0.9415312
1.0465913,1.7455163,0.14748955
0.43997502,1.066565,0.02697277
-0.30681497,0.28420687,-0.90977097
-0.6713712,-0.49844408,-0.20224571
-0.87863827,0.23108768,-0.5094452
-0.90556127,1.1576743,-1.1213026
-0.7833537,1.5131853,-1.462327
-0.7250606,0.9868257,-1.2438784
-0.60807395,0.044702053,-1.2404461
-0.88716125,-0.30083275,-0.41387844
-0.87730575,0.14610338,-0.6448908
-0.58599234,0.4091575,-1.0302424
-0.22946763,0.30170035,-0.8738761
-0.07330942,0.16244245,-0.4964571
0.06034255,-0.41395044,-0.53685
0.011038065,-0.19750738,-0.38955307
0.034645796,-0.19382524,-0.2033453
-0.04677987,6.723404E-5,0.018491268
-0.57390165,-0.11181402,0.33208275
-0.58794665,0.08473253,0.5159259
-0.37781835,0.26262045,0.026799679
-0.14833426,-0.051040173,-0.16978693
-0.1684835,0.053143024,0.027710438
-0.046538115,0.06772184,0.2889495
0.016184568,0.26245952,0.1864605
0.018019915,0.3227353,-0.0017166138
-0.20298767,0.28929448,-0.18497276
-0.18354225,-0.06614709,-0.22564268
-0.17875862,-0.09902859,-0.037150383
-0.096018314,-0.097088575,0.011466026
-0.061451912,-0.27818966,0.18355131
0.11236715,-0.26844645,0.10521507
0.24199915,-0.14882135,-0.04605198
0.41843343,-0.20097351,-0.340528
0.40876818,-0.32628822,-0.2485838
0.5604081,-0.17204952,-0.1912713
0.60076284,-0.0396266,-0.13926888
0.6311867,0.11254454,-0.3036523
0.5954958,0.0796895,-0.3659544
0.70443046,-0.0884366,-0.43340874
0.9181838,-0.37991238,-0.22375202
0.7393342,-0.56339264,-0.106426716
0.60495085,-0.5061383,-0.069645405
0.4928965,-0.24424982,-0.2667551
0.5698138,-0.34785604,-0.48024607
0.40911722,-0.95812654,0.05732727
0.1453811,-0.8951416,0.2389512
0.14820632,-0.43804932,0.044136047
0.33082455,-0.18381739,-0.39466476
0.39100564,-0.18659592,-0.30774832
0.20427495,-0.07498503,-0.06365013
-0.034751236,-4.901886E-4,0.014425755
0.017598689,0.14065695,-0.82280064
-0.14503038,-0.12296772,-0.22166634
-0.12040067,-0.07869911,-0.44679165
-0.33448103,0.108991146,-0.026989937
-0.33052185,0.7071862,-0.17203426
-0.27129325,0.5108261,-0.13615131
-0.23338696,-0.114370346,-0.37827206
0.019184157,-0.143682,-0.27580452
-0.11796672,0.45966816,0.011956692
-0.7098664,0.5500803,0.6389551
-1.0641656,-0.20263672,0.90845776
-1.1070424,-1.994483,0.6718178
-0.3576131,0.5944557,1.1486068
-0.47250628,-0.35504723,0.63704205
-0.6793473,0.50826836,0.50577354
-0.5726881,-1.2499013,-0.0103440285
0.35518765,-1.2136555,-0.45098352
0.8111224,0.099728584,-0.41427803
0.19886982,1.049089,-0.51490164
-0.3063612,1.14183,-0.7968855
-0.88253665,-1.017571,-0.64484787
-0.2767532,-0.78608704,-0.29931355
-1.0597208,0.31667995,-0.10421991
-1.8059859,0.9749489,-0.42065954
-2.007784,1.2828522,0.031106472
-1.3769188,1.3082938,0.7906494
-0.9026799,1.8853936,-1.2944236
-1.12321,1.4640765,-2.8449237
-1.9875898,0.8711207,-3.2534413
-3.3452444,1.2087402,-2.5679383
-0.52745533,2.4254014,-3.643118
0.20026112,-1.3100591,-1.4627874
-0.7053976,-0.15043998,0.7140913
-0.9678354,2.413608,1.1603391
-2.7155867,-3.1149821,4.8951206
-2.6374292,3.1472416,3.7549865
-2.8908005,1.1745402,3.932416
-0.6871052,-4.4642067,-9.976007
0.8841486,-4.5487394,-7.7882214
-0.0394001,-0.82268286,-2.8254666
1.3492479,-2.6150274,-3.9672937
0.58464336,0.8056264,0.43663788
0.79708385,-0.052877903,-0.045396805
2.5388842,-0.8658743,-0.5745497
2.7373276,-0.14503813,-0.88715744
1.7059212,-0.9509058,-0.9539175
1.0779982,-1.6704569,0.18934822
2.514875,-1.801527,1.2320929
3.2582633,-2.4906654,2.8479362
-0.9992094,-0.23488522,10.994962
5.7608776,8.038227,10.014013
1.9125708,-2.797389,7.6363316
0.6586306,-4.525466,0.39458084
-0.65874004,-5.4536896,3.203721
-1.1233816,-4.933777,-0.82266045
-2.6435194,-5.135803,-1.2957125
-3.7834272,-6.1722145,0.31383228
-4.8332176,-4.362402,-0.84570026
-6.061304,-4.9141617,0.10690975
-6.1562157,-3.9387894,1.8995085
-4.154499,-4.673691,1.073184
2.031458,-2.1897736,-0.5451231
1.5805416,1.238678,1.4071236
3.449418,6.710455,0.36119366
4.824777,7.45121,-0.7357111
6.111064,10.7692175,-3.5936599
3.259858,10.654068,-2.6033354
0.16941547,8.398395,-4.651034
-0.043271065,6.6299176,-7.8876486
0.17456865,5.429139,-8.734783
1.3973141,4.294424,-8.01894
0.6108079,5.736395,-5.11833
-0.603539,3.6084695,-1.6055365
-0.42763662,-1.113713,-0.72721386
1.7841773,-1.1019778,-1.6330204
0.80323744,-0.8232522,2.7212334
0.7975452,-1.0401982,4.5134997
1.2612507,-1.3889673,3.401957
1.165756,-0.9103912,1.4555445
1.3007729,-0.84926873,0.43355465
2.4812376,-1.2299975,-1.9412794
1.7258983,4.6325083,-2.610753
2.0653203,3.4658637,0.04987812
4.423158,7.8247986,-6.117155
3.656725,12.243341,-13.49485
-1.6114695,5.0960064,-1.226553
-9.745468,-9.497928,13.624653
-20.556341,-23.724514,18.878855
-28.186283,-4.5036354,33.922184
-10.1172905,21.263485,-51.717094
29.340662,-56.46908,9.586036
-1.2719784,23.77689,1.9120741
6.340191,3.6714115,0.6123438
10.410593,-5.9966755,19.795277
5.228557,6.0729737,8.666637
3.7952378,12.685107,5.014944
2.6174235,2.7309406,2.06188
6.770013,-5.006529,-2.0376415
12.731285,-5.1425242,-6.4633074
3.2416334,1.1983917,-5.7867928
-9.857289,0.8772956,-7.712016
-12.538953,-0.31040335,-9.606108
-9.16955,1.4791986,-13.622416
-1.5719738,9.22871,-6.119585
-3.6339388,7.3145485,17.535513
1.2981434,-8.900899,9.218494
1.0085573,0.0066041946,6.281377
-2.3072443,2.1923356,-0.90929294
-10.992153,-0.5781553,1.3088973
-19.225868,-4.4382467,9.406256
-20.726017,-9.171897,1.8996782
-21.33062,-0.1990118,-8.161816
-17.808697,-3.3650947,-4.282737
-11.39756,-5.7606697,10.517946
-7.294441,-7.877639,26.835117
13.838543,-4.680069,7.727913
19.74205,-3.0703259,-2.4734802
20.182972,-0.008275986,-8.85374
13.068798,13.32715,-4.7117786
12.245317,7.724925,-4.727105
10.749885,2.4202726,-3.1004295
9.169167,-0.20702887,-0.92086697
6.7692537,-2.9626365,0.5981693
4.811929,-5.211961,0.3797636
2.7195468,-5.2019825,-0.98738
0.95444536,-0.68913364,-2.3817978
-0.3039317,1.8006935,-2.8313932
-0.90856314,3.3175697,-2.938324
-1.5514193,4.1182857,-2.3080359
-2.0394611,4.0193596,-2.0226378
-2.52036,2.8711865,-1.7970786
-2.861846,1.9126418,-1.8319991
-3.0834618,0.82109857,-1.5953908
-3.2682,-0.26362562,-0.7804804
-3.7940216,-0.6743758,0.61140203
-4.84766,-0.27377462,1.4914813
-4.1030865,-0.7942605,-0.12265158
-3.6939793,-0.059365988,-0.5458455
-3.2023087,0.40636992,-0.0857873
-1.9973812,1.082916,-0.6095929
-0.34209442,1.1267039,-1.1179767
1.40835,1.243601,-1.3759216
2.868801,0.7913078,-1.1793863
4.021078,0.75926477,-0.9478756
4.579258,1.5968392,-0.67406106
5.1019773,1.651748,-0.37470448
5.2112722,1.3099463,-0.31642538
4.8736315,0.61005473,-0.08146143
4.0859985,0.35672474,0.3646474
3.7933698,0.77992797,0.5995915
3.5110857,0.37350607,0.21825111
3.3488107,0.36315942,0.15040684
2.8680117,-0.48775387,0.418041
2.8698225,-1.2330683,0.5004542
1.8658,-2.3275821,1.9261293
1.4071002,-2.0029695,1.6418438
1.1150646,-3.604851,1.5457096
0.8806608,-0.0960114,0.33956385
0.19740582,-2.2725406,0.86701155
0.23972917,-1.8819342,0.9272337
0.56867695,-0.8412852,0.4402008
0.63976526,-0.30091715,-0.20860481
0.42170787,-0.9755869,-0.1779437
0.40473437,-1.8103666,0.19870281
0.32338595,-1.7623563,0.25894642
0.30503368,-1.2504911,0.040077686
0.47103357,-0.5122442,-0.19193554
0.21871781,-1.0097046,0.12386036
-0.3212397,-2.186162,0.6998477
-0.26075578,-1.814394,0.55822754
-0.3078544,-0.2173214,-0.007419586
-0.2950933,0.64851093,-0.54717875
-0.30991077,0.9850588,-0.6627817
-0.3607657,0.916975,-0.52531147
-0.17266321,1.0955839,-0.7146745
-0.07526183,1.0995688,-0.6749768
-0.09413624,0.7466283,-0.57142353
-0.038795233,0.035010338,-0.19103098
0.060979366,-0.44647408,0.0754056
0.13402891,-0.20912933,-0.023757935
0.018357754,-0.2717495,0.19318628
0.037797928,-0.37005234,0.3841281
0.105401754,-0.71643925,0.5952039
-0.035206318,-1.1603098,0.49585247
0.12456775,-0.5173521,0.19935894
0.3187604,0.3814087,-0.008783817
0.5150614,0.68233585,0.0403471
0.7433572,0.6818609,0.4563961
0.88946676,0.33832455,0.43919277
0.7960372,0.37895012,0.22285652
0.4037361,0.3589821,0.17174149
-0.020485878,0.5668516,0.33822536
-0.30884266,0.64166117,0.46622658
-0.5883932,0.60219955,0.4470172
-0.6569805,0.054433823,0.21407318
-0.26723862,0.40258646,0.2381382
-0.11433792,0.84145784,0.43435
-0.7090764,0.7668443,0.31629086
-0.45840597,0.36359978,-0.1193552
-0.29337978,0.23270416,-0.07638645
-0.26284528,0.38950014,-0.49784756
-0.597262,1.4260786,-0.46878672
-0.39297366,1.3447957,-0.6693053
-0.032385588,0.8085718,-0.9953027
0.29645705,0.73047423,-0.52054024
0.37973642,0.6728306,0.16178322
1.7033029,0.4919033,-0.5660691
0.3454213,0.53853226,0.6015258
0.8768897,0.2695787,-0.15438986
0.5274987,-0.56296825,-0.24284506
0.5597811,0.7153673,-0.042031765
0.2479353,0.54670775,0.0052776337
0.17400122,0.46175015,-0.7934122
0.14353848,0.033498526,-0.1522932
0.32170773,0.79984206,-0.79312706
-0.054596424,0.34181476,-0.39574432
0.45385838,-0.57036734,-0.27472878
0.19853163,0.1115067,-0.21719837
0.5714245,-0.15694678,-0.3657856
0.10828686,0.06350899,-0.17587566
0.17196703,-0.2612152,0.23067236
0.22498083,-0.03846538,0.16908216
-0.70949745,-0.79229474,-1.7596476
0.16649818,0.18552625,-0.5837443
-0.0114274025,0.56922996,0.5963428
-0.122235775,-0.574986,-0.9544966
1.0142913,-1.6014836,1.068511
-0.066432476,-0.11017275,1.5281386
0.2976513,2.1850193,-5.0423555
0.32533836,-0.9122796,-1.1171453
-1.3700414,-1.0833852,-5.8634644
0.05020857,-0.8649831,-3.4538212
-4.665865,23.33633,9.857863
-8.516185,-31.577385,2.8874314
2.0701163,0.56831455,-1.9168786
6.700145,1.6753607,1.690676
-1.1775827,-2.465825,2.9774742
-0.16831827,-0.39979744,-0.5859184
0.11292601,-1.9444532,3.644207
-0.5498369,-0.9885578,0.67742014
0.12004924,1.3010721,0.9438009
0.4353869,0.4388876,2.565362
-1.7026021,-2.512475,2.5121717
-0.62691414,-0.08488941,-0.81322765
1.5478468,-1.9129953,0.5751209
0.6167433,-0.58382034,-0.71371937
-0.47409248,-0.40122604,2.6001368
-0.465842,-2.855548,0.92399216
-1.2052541,-2.3914318,0.06731224
0.39777398,0.64073753,0.27292347
-3.0383139,-5.4463367,4.869605
-1.4633822,-3.0995197,-0.55941486
-3.264112,-6.1775665,0.035772324
-1.3504684,-2.8595886,2.615528
-5.1332574,-6.6016865,2.3220959
-1.0374169,-2.1028576,-0.9088259
-2.1441383,-4.424198,1.8194485
-3.1405106,-3.2252846,2.0087376
1.7901497,6.7234974,-0.65275383
-0.4264326,-0.1360035,1.9802704
5.077836,11.763683,-8.111769
1.9075298,2.9610062,-1.8710613
2.2014842,16.882362,-10.737512
2.1367877,6.7089033,-2.1142492
-2.0954294,8.346603,-8.3281
0.2984748,6.558464,-3.6858377
-0.4264884,4.2847576,-10.608781
-0.43690777,1.8673077,-4.604576
-1.1576223,0.890151,-5.490528
-1.3185511,1.1918063,-2.0889091
1.0714896,-1.1480083,-0.3363161
0.8864832,0.8006282,-3.497406
1.2430887,-1.8074837,5.645288
0.21024227,-0.45653367,2.1404543
2.137257,-2.5569048,3.4277554
1.1809052,-0.9530182,1.7999654
1.5893447,0.6174319,-1.0943584
0.31385988,-0.06299794,2.8483922
4.083691,7.958231,-8.349897
0.59400535,0.31712294,0.8219967
3.4815168,11.862146,-9.767841
2.980525,4.3234024,-7.1462765
-12.633888,-13.6591625,18.035309
0.7311031,1.8677053,2.3182178
-28.843254,18.50407,-5.787053
-15.591238,-26.332846,16.551617
30.060324,-36.346806,-0.52831984
-38.25901,-6.157011,22.10838
20.721361,13.097035,-8.087217
7.95842,34.53215,-7.2459416
9.431298,-1.815392,7.76801
6.2995844,-7.4013324,10.846323
4.0010886,3.2371798,-4.4938264
1.5417243,5.280409,-3.024681
15.713535,-7.744957,-8.495525
3.4601574,-3.0889122,-2.536513
-6.646727,-1.5846379,-3.8697042
5.935817,-0.5544815,-2.7508907
-18.71347,1.9175165,-9.8035555
-6.7898216,-4.356451,0.44327927
-15.987818,9.626478,9.659777
-7.878607,6.799911,-5.432494
-14.18701,-9.850844,26.646477
-8.272167,-9.38291,10.877088
-5.5745964,0.7845106,-11.055321
-2.9272423,3.5666652,12.534832
-26.298122,-10.073713,4.836664
-12.451515,-3.8928509,-8.26799
-5.912636,1.6687398,6.7721977
-9.137901,-3.5212116,6.249569
14.168037,-4.075467,1.7702427
0.87285995,0.8546734,1.7182884
23.172155,-5.5683746,-3.754589
11.635355,-3.520855,-1.0131493
15.491145,7.193216,-1.8068275
6.6965275,0.5737381,-2.068081
13.4534645,3.514515,-0.76428795
6.527836,4.362316,0.34441948
9.177675,-2.6829872,-2.8395529
4.583525,-0.4851513,-0.4842224
2.9104714,-0.117427826,-5.1733885
3.1176472,-1.4235678,-1.6315804
-1.7542171,2.950285,-4.301858
0.18281126,0.5979948,-2.2368073
-4.5840635,3.0872064,-2.481175
-1.090457,1.3981385,-1.4944825
-5.236533,1.5261118,-1.3150244
-2.257327,1.1437311,-0.62249804
-4.326926,0.06697464,-1.2518833
-1.9034901,0.32174063,-0.42885876
-3.426262,-0.46063137,-1.224489
-1.3638401,-0.15996313,-0.4864087
-3.0916119,0.8675628,-0.74034286
-1.4423294,0.005148411,-0.47228718
-0.20291519,0.8460541,-0.7634828
-0.5405178,1.0823727,-0.47024143
0.7113476,-0.070361376,-0.03740096
-0.21434593,0.1878767,-0.3932184
3.557167,0.8618691,-0.43400228
0.6370373,-0.2666459,-0.008078575
4.891183,0.15878868,0.34419167
1.8708153,0.49542284,-0.30222774
5.427972,1.5045948,-0.17963529
1.9983082,-0.22918022,-0.07665932
4.8522167,1.0638331,0.11029613
2.432744,0.8907768,0.02462089
3.4079618,-0.2711296,0.4769764
1.7811682,0.28309917,-0.388862
2.1006932,-0.25245434,1.4948733
1.1191971,-0.4588349,0.81421614
2.1750255,-0.06534326,0.44448376
0.7959559,0.629323,0.42544007
1.7842764,0.2005046,0.78713083
0.9595945,-0.72516215,0.47158575
0.42566895,0.07679427,0.9177952
0.46856117,0.567062,0.09858847
-0.2471481,-0.8031523,0.23011637
0.23868811,-0.61821294,0.53341055
-1.1435562,0.7060595,-0.6254921
-0.17259045,-0.2713623,0.040984154
-1.9507371,-0.121574044,-0.48708677
-0.4011159,0.41405737,-0.722389
-2.9137034,-2.9742627,1.8836055
-0.9086218,-0.20881605,0.044032097
-2.700674,-1.9677925,-1.4566076
-1.3422947,-1.4785047,0.7440958
-4.88286,-1.3722196,-0.026369572
-1.1100702,-2.0105824,-0.74471354
-5.679659,-0.7611971,-0.69113684
-2.4214087,0.50575686,0.17978191
-4.283305,-0.95730925,0.8520913
-1.9307346,-0.11008692,-0.8704963
0.14645576,-1.1445904,2.1764865
-1.7894516,-0.7754421,1.7806201
5.39456,0.945601,-2.369345
1.3226376,0.6588154,-0.387084
5.342224,1.4835176,-1.3831599
2.7279606,0.701221,-1.1288564
2.6744618,1.1229882,-0.5248029
1.5645561,0.6083875,0.018085003
0.659616,-0.0611248,-0.12173486
0.73627377,-0.31646442,-0.60195327
0.41452074,0.87312937,0.7915478
0.08141804,0.14508533,0.55409145
-0.87033033,-0.9261179,0.4649434
0.20300436,0.29294777,0.3144188
-3.8555613,-0.89737463,1.1742315
-0.78357315,-0.54980326,0.35924244
-3.6549377,0.0741024,0.18701077
-2.21811,-0.18701458,0.24993134
1.84725,0.07950878,-0.6981263
-0.31480503,0.38185978,-0.38397694
1.051938,-0.56312656,0.10974598
1.1834917,-0.1550746,0.06257582
-2.049718,-1.6008916,-0.62649703
-0.20244122,-0.22318363,-0.41321683
-3.4975338,-2.1669903,1.678484
-1.2853374,-1.5416355,0.74019
-3.5010567,-0.85793495,-0.229599
-1.1496868,-0.08172989,0.10588455
-7.378273,-2.182189,0.9304447
-1.1150856,-0.6565056,0.34878635
-3.9651718,0.4164667,-1.4837463
-4.0041122,-0.7953367,0.21800709
3.557333,2.9692812,-3.47821
0.31689453,0.53200626,-0.8592527
5.893733,5.3035693,-3.9316838
1.7003345,1.7899776,-1.3885128
8.055532,6.050443,-3.7433028
2.8157358,2.634194,-2.003448
6.1169972,6.2720256,-1.1963987
3.648261,2.205995,-1.0491691
4.0801644,2.6821046,0.4103284
1.3287792,2.2574453,0.031234264
3.423132,0.5728922,0.6420994
1.9594289,0.705287,-0.09930897
-0.5203562,-1.3980899,3.1557817
0.81925344,-0.08113241,0.5012021
-1.8507261,-5.185093,3.4803495
-0.3984003,-1.0399456,0.94643
-5.6103263,-6.261485,3.9828806
-0.6915188,-2.424496,1.6878972
-11.283518,-12.466173,8.292738
-3.1455631,-3.1041393,1.3019505
-4.3851433,-6.6999702,7.8971014
-6.136156,-9.859385,7.360241
4.448351,5.8333855,-3.7798605
0.06277466,-1.1791515,0.34054184
10.29732,8.872715,-5.5878963
3.2973971,3.8995514,-2.442359
10.452116,5.8039255,-5.7217426
4.2606764,3.4341035,-1.5887284
6.343035,3.013004,-4.979286
4.175997,1.709205,-2.50181
2.5086832,1.547449,-2.727391
1.5657172,0.56745565,-1.6091566
-0.69418526,1.4694844,-0.5471891
0.47356272,0.73974013,-0.72867644
-2.6373825,0.19915399,0.4882632
-0.83444,0.7403742,-0.22840962
-2.3498042,-0.47617975,0.23382555
-0.86797464,-0.22354373,0.40400836
-1.9483545,-8.775985,3.425807
-0.76274353,0.4926057,-0.39858437
-8.903488,-18.27906,11.866846
-0.4210291,-5.5280704,3.9080935
-3.2896004,-4.1340256,1.0378447
-7.1695604,-6.3171425,5.3637514
3.652132,6.437886,-4.236306
1.2448425,2.6890888,-1.8792028
3.0445676,6.273447,-3.9929886
1.373915,2.5363474,-1.5809765
2.3165927,7.3999934,-4.120839
1.0811594,2.3517547,-1.3686023
1.4795387,7.045881,-4.222425
0.8074664,3.3953896,-1.769188
0.858479,4.4607573,-2.8407829
0.54636204,2.4564893,-1.8548759
0.41556013,1.9092567,-0.9342928
0.20619917,1.3307171,-0.85077524
-0.8272457,-0.4569161,1.5149004
0.41598523,0.84146786,-0.15363169
-1.5617905,-3.488316,3.7354631
-0.7359922,-0.50410026,0.5626756
-8.737734,-15.498416,8.174787
-1.0550423,-1.1604214,6.87601
-3.3460064,-10.520206,2.817792
-7.2531605,-8.130379,3.386241
3.4423342,2.3139687,-1.8535328
0.773469,4.407612,-2.5392718
4.9509172,4.7101846,-3.20186
1.8033175,1.3381939,-0.47246504
5.3663855,5.1391926,-4.5299625
2.7372954,2.5750365,-2.8991764
2.965442,2.9903085,-2.1374142
1.3815014,1.2855589,-1.086004
1.9061979,2.6048098,-1.2466668
1.1893208,1.5490919,-0.8055283
1.2162552,0.9852897,-1.1652286
0.5332372,0.5601001,-0.7978442
0.51901746,-0.31727552,-0.5152172
0.543627,0.55542684,-0.35732025
-1.8815595,-3.6177526,0.7642384
-0.013609529,0.062751055,-0.50381076
-11.865562,-5.3075285,2.1246266
-0.519382,-3.266574,2.4722033
-11.314321,-2.096736,1.7139866
-6.802931,-0.37350368,-0.07524991
-0.8081589,0.2926607,1.0244424
-3.6124458,-1.0921593,0.82725954
4.5848684,2.5801177,-0.5891247
1.5659819,0.82537174,0.1929717
4.2169704,1.1748638,-0.26416707
1.6998091,0.98482084,-0.2993114
3.3725214,1.168119,-0.59301925
1.5991282,0.1668582,-0.050090075
2.217095,2.7438586,-0.84723544
1.1293378,0.7891953,-0.16681981
1.654408,2.1139886,-1.1180757
0.72018576,1.3468235,-0.43362737
1.0370595,0.31340742,-1.8297305
0.55798984,0.54994273,-0.37423724
0.31574154,-0.5122478,-1.0317054
0.5866792,-0.15009284,-0.82118183
-1.2043157,-0.90970516,0.6910812
-0.43059397,-0.29873753,-0.14304247
0.27604437,-0.07473779,0.66846824
-0.47302198,-0.46614742,0.6760505
-0.26289463,0.68692756,-1.0919553
0.5810375,0.009060383,-0.1656148
-3.651927,0.43024302,-0.91197765
-0.5965533,0.53277993,-1.0234327
-6.6473236,0.7899399,1.151572
-1.5972986,0.17305493,-0.012283236
-3.1215067,-0.99249315,2.0668583
-4.568945,-0.6995518,1.1052042
2.7821188,0.8593297,0.6046673
0.7968273,0.17762482,0.7593334
1.5641851,2.5699391,-0.6617112
1.9480324,0.23965204,-0.2319591
-0.16449738,2.9406114,0.43075144
-0.3979454,1.0637488,-0.024647593
1.1871996,1.7794507,-0.32682908
0.79198647,1.575551,0.2704358
0.84091187,-1.5337147,-0.38927114
-0.08852291,-0.056074858,-0.37324905
-0.05512142,-2.58102,-0.4625935
1.0112753,-0.9914363,0.14064252
-1.0674152,-2.1239042,-1.2721939
-0.9007311,-1.0834868,-0.4602453
0.7336397,0.5446581,-1.4330478
0.2350893,-0.67039096,-0.5248846
-0.007368088,-0.4137274,-1.0177948
-0.13342762,0.35579157,-0.5793711
2.183927,0.8130411,-2.037928
0.46761322,-0.14466721,-0.14126658
0.64863396,0.27056548,-3.2377324
0.81045675,0.7370443,-1.2401161
-0.923192,-0.9900955,-3.1058989
0.33006287,-0.68422675,-1.3549395
-2.7491426,0.6408265,0.7371454
-1.5280752,-0.061815977,-0.15953016
0.9159403,0.006406486,1.6232581
-0.3393011,0.6752428,-0.13025141
-3.7582722,3.335843,6.39669
0.31758404,-1.023108,1.6636708
-1.8975143,5.198555,3.262052
-0.8849678,3.0252142,2.85539
2.3311796,-0.45883083,2.4878664
-0.84018993,2.7126994,1.0819826
3.1995316,-4.914007,-1.2566029
2.0553617,-0.4787817,0.45684814
-4.780015,-15.650764,7.999797
0.8052244,0.6589689,-2.7392402
0.3820343,4.0149584,-7.3475013
0.43603897,-1.190664,3.2409859
1.218358,0.27226996,-6.3916664
1.4401665,-0.06784892,-3.816387
0.44669724,-1.3121588,-0.6175313
-1.557457,-0.22993064,-1.7635543
0.9982681,-4.8987837,0.8295908
0.47493744,-1.9124556,-2.7129183
1.2325277,0.64848566,1.6960595
1.2132616,-0.6207967,0.54611254
0.83931065,0.81013393,2.7735934
0.5172396,0.17065668,1.5130783
1.3637958,-0.21715736,0.73699456
0.12813663,-0.12518978,0.6846647
0.7577467,-2.7187233,-1.6595184
0.6826234,-0.43906975,0.5805222
0.69583607,-0.83569336,-1.4549544
0.40089893,-0.71105766,-0.72124743
2.262342,1.432704,-4.453212
-0.40157413,-0.31349754,0.12105322
4.66777,1.1922121,-4.1730957
1.588393,-0.46128273,-4.7102585
5.7865877,7.1118646,-11.167875
1.7666028,0.4603815,-1.453455
1.6439428,-0.58182526,2.364211
1.8305264,0.85806036,-4.2421837
-1.3598051,3.4007485,1.2337112
-0.3232479,-0.50962377,0.02802658
-3.4706545,12.995563,2.7224274
-0.77473795,3.9746537,0.93177414
-6.6326504,7.335246,5.735634
-0.90144134,2.3486223,2.0894833
-12.91185,3.3602533,14.3448715
-5.009001,7.6407547,-0.21834326
-10.845755,-9.8214245,22.841532
-7.1849155,-5.1012526,9.165164
-2.592577,7.240572,-8.680316
-2.103613,-2.3885155,4.784485
1.1022873,-8.701296,-10.143198
-2.1997566,-0.5475178,-12.035469
8.670021,-4.2240386,2.7199302
4.169753,-3.446545,0.4796815
7.973428,-0.9554411,4.079492
3.412879,-1.0037484,1.7696481
5.1997876,-4.051742,3.1245508
2.9616466,1.4000304,0.35403442
1.2687478,-0.08004871,4.193678
1.41572,-2.810884,1.8917599
-1.2192245,-2.63866,-2.367169
0.013422012,-1.2949443,-0.20181656
-1.3260326,3.2134144,-4.3414254
-1.8998117,0.65147626,-1.6292953
-0.16779327,-7.373213,-7.1473894
-0.4475565,-4.8766823,-1.5541874
-2.5036583,-2.6782455,-9.714937
-0.587965,-1.3831024,-5.774729
-1.0980062,-3.2862816,-4.8082685
-0.6904659,0.4250574,-3.2397146
-3.6826887,-2.2899513,-1.7148619
-1.2000437,2.8187122,-0.86613655
-2.657339,-2.1845732,-0.49303627
-0.9682636,-1.6938581,-0.60821056
-0.74839973,2.8248014,1.6486902
-1.3033485,0.24493885,1.9944553
-1.0486641,2.9715772,-0.4887457
0.40452194,3.3115158,-0.38021755
2.7871704,20.509905,-4.3330183
-1.9795132,-3.6951308,1.3441286
11.287157,5.3486595,4.917743
5.06785,15.045555,-8.334087
-4.3296814E-4,-9.697607,10.811915
1.8078241,-3.8222268,-0.6636734
-7.5954266,-5.9107313,17.489243
-2.4707031,-0.6232877,10.099061
-5.4732647,3.220363,-1.5290208
-3.7296677,1.2412577,5.840113
2.3110113,-15.786495,-3.8486907
-3.5836372,-3.3965282,-0.6887717
5.3725147,3.4175453,-4.7159004
1.81878,-2.7375479,-2.9752724
3.7321358,6.7169313,0.87386584
2.1602564,2.7803376,-2.1528776
2.4551659,2.4735432,1.3526975
0.9721813,2.7322845,1.2426696
2.123839,-1.4890648,-0.7446422
1.1355419,-0.0795967,-0.13793504
0.14600849,-2.2160664,-0.51731944
0.56692266,-0.66286397,-0.42761865
-1.433011,-1.7113558,-0.57247233
-0.09275532,-0.9941366,0.02741602
-3.341527,-1.2890027,-0.10810145
-1.8489742,-0.18293262,-0.7970222
3.5407038,-1.7382388,2.6678734
-0.053834915,-0.89488745,0.8202436
1.1668606,-0.82708836,1.6603823
2.1840787,-0.6028862,1.0381279
-1.107482,-0.44407415,0.4223001
-0.8206463,-0.3761449,0.74374914
-2.3241205,-1.6320515,0.22623682
-0.060875893,-0.79474974,-0.63820815
-0.71010303,-0.2634735,2.338941
-1.1026239,-0.18547821,0.0964098
3.4085174,-4.8856573,-0.6722646
-0.12464428,-1.1946039,2.3048868
3.6283674,-9.706985,-2.8888316
1.9743257,-2.464491,-2.0189364
-4.249608,-3.0436764,-3.0358644
17.290415,29.344456,49.15889
-8.328318,-24.26308,-15.552004
-2.708377,-12.253868,-11.281778
-5.6652145,-8.99629,-8.39867
-3.395895,-5.9491615,-5.3184543
-4.1822033,-3.562294,-4.9927945
-2.190874,-6.8706093,-2.276015
2.960268,11.193853,-1.7416555
-1.2941217,1.4271736,-0.21980268
8.47429,21.073717,-1.4492486
2.044848,7.5418983,-0.31153893
4.2246494,9.737802,-2.0381317
3.6461337,6.5003433,1.2514538
0.888577,4.848218,-4.9727354
0.5656247,3.6008534,-1.6334066
-1.4108586,4.078937,-2.6267023
0.54353166,0.39942646,-2.614254
-1.8004088,1.3711393,-2.7365313
-1.2702479,1.9501317,-0.30489922
-0.11270237,-0.6780033,-0.82490635
-0.2621336,-1.0483701,-2.1399088
1.9360676,-0.63264966,2.920868
0.41930866,0.8898885,-0.25286484
2.6801805,0.5848515,2.2162795
1.3598247,-1.1901623,2.0849648
1.8540175,-0.41540658,-0.19024992
0.5092994,-0.46812224,-0.35926437
5.3993607,10.1337595,-10.438039
1.727169,2.1385021,-1.4583044
1.6263666,7.880871,-2.8471441
3.3132591,6.222088,-6.173872
-22.380817,-22.898811,27.213951
-4.9323225,-3.9583302,3.2218022
-17.603107,16.514553,-28.652782
-21.742249,-10.315785,39.316128
11.807498,19.256807,-0.098995686
30.654526,-60.25712,0.30439234
7.5521207,16.400188,12.059326
12.03818,-6.3299446,-0.059931755
15.293865,15.300115,-1.6058884
7.6658535,25.334082,-4.539776
-2.2910166,-11.813288,8.347674
11.086262,-9.426832,2.3897896
1.1713753,-0.5797558,1.4191399
-2.5094986,-4.8652472,2.636671
-9.408495,0.95446897,1.4622211
-1.6697359,6.024438,1.1120358
-8.343941,-6.321824,-9.579151
-3.8997703,-3.4407134,-0.76764584
-7.18619,0.79510117,-10.947634
-2.6041214,-0.94681025,-6.223487
-9.663655,0.13720131,-2.150414
-3.6472688,0.65781975,-1.9876484
-18.43861,-0.2072339,-8.119895
-3.3685246,-1.802825,-0.9124527
-1.0939789,7.0270844,-3.2455559
-7.7226276,3.9549036,-10.866367
8.719409,9.699186,-5.981472
1.9672842,1.8573112,11.0611105
9.265273,3.2986412,-8.145714
6.266879,5.097562,-6.6873207
5.7147083,-4.6993346,3.1884909
4.8005013,5.2346087,0.011882782
-15.037804,-11.646364,19.391064
-4.653449,-3.5555296,2.3339474
-12.340494,5.2510653,-0.9533396
-5.055521,-5.4898205,17.36055
-19.80571,-29.08126,0.082867146
-17.8931,-12.52269,-8.193746
-7.3281937,1.9346313,11.606587
-7.137108,-8.039848,10.534166
-3.4844208,0.94534874,-7.58044
-0.27942657,3.7079067,-0.056949615
7.6526985,-9.591053,0.84155464
-6.0167656,-3.4138641,0.9094095
22.36214,2.9314404,-2.0964189
8.090675,-2.0679893,-3.0655332
16.34842,12.171356,2.412744
9.465469,3.7995892,-0.21491146
8.141814,1.0909824,2.0398397
4.2071123,4.5366125,1.7238121
4.83316,-0.9456787,-1.5721369
3.1560473,-1.8111458,-0.31050777
-0.11154461,5.161558,-1.4015718
0.7254019,1.6852999,-0.83111715
-2.036439,6.280714,-1.457418
-0.3134632,2.507287,-0.6983075
-4.566107,3.7468038,-1.0904784
-1.1126747,2.6094105,-0.3301568
-5.932619,1.7435727,-2.01174
-3.6880856,0.9396732,-1.1909795
-3.0468388,0.73316765,-0.89247155
-1.3723049,0.51366377,-0.5374713
2.2016258,0.4574573,-0.79600704
-0.034376144,0.65898967,-0.2658105
2.6426487,-0.06704664,-1.1017505
1.3633842,0.37693763,-0.4829384
1.5758867,-0.39006305,-0.4224699
0.8185625,-0.024394035,-0.27650994
2.1174593,-0.03553176,-0.44358465
0.6212063,-0.17903352,-0.06937373
2.2547064,0.78487253,-0.59755564
0.8959856,0.14223027,-0.19243175
2.093462,0.9720936,-0.17525415
0.8096447,0.4137485,-0.2316812
2.15619,0.6279516,-0.29537573
0.75019073,0.046398044,0.37024504
2.542583,0.94447136,-0.2947475
0.83505964,0.36236,-0.32347986
3.0489247,0.65788674,0.09330152
1.1162143,0.28007692,-0.125694
3.184427,0.4826425,0.9860291
1.1064017,0.15106544,-0.0845204
3.590333,-0.6970439,0.7426973
1.2083557,0.2587449,0.47072947
2.3102336,-1.9995278,1.8672663
1.7068605,-0.28677428,0.17761064
-0.25142682,-2.564713,3.5030942
0.07659149,-1.1495514,1.2965579
-1.0174546,-1.5830688,1.3844857
-0.17156458,-1.5418043,1.1419625
-1.2590182,-0.5071478,1.8279753
-0.781255,-0.35675287,0.382308
-0.5873437,-0.11952925,1.2115517
-0.29775316,0.15640879,0.99144554
-1.4424422,0.16292524,0.28056622
-0.3102473,-0.415174,0.18569183
-3.5021737,1.022944,-1.448689
-0.3765955,0.012654781,-0.4720707
-4.3107805,0.7527919,-2.445798
-2.0479174,0.5629983,-0.8635225
-3.9339466,0.36031914,-0.8024173
-1.327138,0.21834612,-0.9150071
-2.6467428,0.02481985,1.4906478
-1.890049,-0.1312151,-0.075683594
0.21539783,0.17191458,1.9450703
-0.50877,0.088573456,1.1636343
2.1919374,1.2671955,-1.0695043
0.41144943,0.14599133,0.38505507
2.2828846,2.1512988,-1.6888461
1.1193447,0.96924233,-0.91690636
1.5376878,1.7250955,-0.96682787
0.50144863,0.5953412,-0.41650772
1.1682835,0.46835884,-0.89940023
0.618989,0.5816909,-0.35343456
-0.06353378,-0.2666824,-0.20168161
0.14014864,0.057634354,-0.2531917
-0.017564774,-0.84571254,-0.08849263
-0.051081657,-0.119876504,-0.07349062
0.065374374,-0.77084804,0.020386696
0.20885944,-0.41672838,0.10192013
-0.43787336,0.6465382,-0.7928531
-0.40588665,-0.15009797,-0.11362791
-0.8374405,0.45249683,0.5478554
0.04324341,0.2283064,-0.4323721
-1.52913,0.8831472,1.4471073
-0.45153713,0.12544723,0.82501745
-1.5148153,1.4838631,-0.67023873
-0.6369734,0.5405513,0.22533512
-0.67121506,0.55281186,-0.78282094
-0.6670828,0.5606586,-0.57149076
0.42961693,0.15349483,0.6991868
-0.09739113,1.7011166E-4,-0.05817604
0.5597801,0.1257565,1.2391644
0.36898518,-0.035969973,0.5402374
1.0237474,0.10109472,-0.0066747665
0.106637955,0.07849121,0.3696065
1.2634335,-0.75115293,-0.21547699
0.68754673,0.012659311,-0.19153547
1.0590744,-1.3602324,-0.0076618195
0.35142994,-0.4292494,0.10542154
1.461472,-1.2967565,-0.31866693
0.49404287,-0.33193022,-0.13039684
1.4500813,-1.790693,-1.0702484
0.52199554,-0.5729675,-0.053655624
2.2708912,-0.7237226,-1.0701671
0.6673057,-0.651654,-0.5623238
1.0691049,-1.6873264,-0.79352474
1.1347203,-0.008818626,-0.578341
-0.37089777,-4.6086407,-0.13569808
0.25295782,-2.0071726,-0.3963691
-0.89691854,-1.9005709,0.18609071
-0.2537794,-1.0141039,0.13442087
-1.4740582,-1.8763914,0.5196674
-0.42701626,-0.91281986,0.24218202
-0.98580456,-1.7395506,0.7112174
-0.77494955,-0.7149162,0.29582095
0.67470074,0.07109356,0.3915875
-0.07231426,-0.58886814,0.2690034
1.4936693,2.1897087,0.14304876
0.45642185,0.40389442,0.19881153
1.5164089,2.1953063,-0.44736934
0.6349304,1.0311184,-0.082521915
1.5080711,1.7141309,0.023800373
0.5391891,0.8978462,-0.31574202
1.1970338,1.2978616,0.41697
0.5485165,0.62224007,0.3082323
0.5165379,-0.83679104,0.5742121
0.31219682,0.3608427,0.10700655
-0.15262055,-1.9510398,1.4889164
0.31297636,-0.8855133,0.2557149
-0.9504442,-1.8707066,1.0248046
-0.2543255,-0.31618595,0.5332923
-0.5381789,-0.54099464,0.082350254
-0.45169473,-0.7921324,0.33464575
-0.48062086,-0.082520485,0.13142967
-0.054769754,-0.16007423,-0.066049576
-0.04271412,-0.29092026,-0.37171364
-0.41347384,-0.4466772,0.2187252
-0.30905986,1.0839939,-0.9157634
0.38140678,0.29842567,-0.22140408
-0.7151127,0.63842106,-1.6035025
-0.4438815,0.5327053,-0.45623016
-0.74989986,-0.07585144,-0.07746649
-0.16275239,0.08323097,-0.7176566
-1.765163,0.37351608,0.79564476
-0.19347572,-0.13636017,0.22420692
-1.4645777,2.018095,1.6880398
-1.0384612,0.5438237,0.35863686
0.3957286,1.8910627,1.1948695
-0.21254969,0.26792192,1.3102112
1.6245682,2.160381,-0.054789066
-0.16159153,1.8193462,-0.3691044
1.8196042,1.0540566,1.4523549
1.1722083,-0.028724194,0.33497906
1.1532056,-0.32637334,-0.18707371
0.7686975,0.70589757,0.35375023
-2.157361,-2.8916807,1.127387
0.16690087,-0.9941263,-0.4292221
-2.3325872,-0.11832714,-4.431803
-1.1787367,-0.6641278,1.9489846
1.7662239,4.6146574,-2.3474002
-1.2094226,2.1627197,-10.743572
0.78124285,-3.520717,-8.53229
-1.3525419,-6.2050323,-0.3366909
-2.3534794,1.9771261,-5.5601063
1.9873922,-0.9166188,-1.7166567
1.040556,-3.6910543,-3.1595898
-0.26567554,-0.39941216,-1.337203
1.0726542,-3.7538395,1.4380264
0.80142045,-3.8565989,-0.76977825
0.78718877,3.0863247,6.9420094
0.3260553,0.81683826,1.2266111
-0.61109924,0.8920574,2.91951
0.5589156,1.3416576,3.0406876
-0.57545805,0.52462196,-0.9867611
-0.43571377,0.43076038,-0.15958214
-0.01836729,0.34770393,0.5919943
-0.014819622,-0.27546406,-0.42710733
-0.13819695,1.3912349,1.5929796
0.006556034,0.38167095,0.62417626
0.12218189,1.0349307,0.51745915
-0.13325977,0.7696161,0.61464727
-0.12206125,0.966032,-0.54438686
0.14253044,0.035991192,-0.035820484
0.1540432,0.6313529,-0.43817544
-0.09448099,0.5787463,-0.34478855
-0.10796881,-0.5459113,-0.0766294
0.20824432,-0.099619865,0.0367651
-0.61754465,-1.3401537,-0.912699
-0.03360796,-0.23099184,0.064030886
0.16083336,-0.6473613,-1.387114
-0.25715494,-0.8310938,-0.67782927
0.6168885,-0.17947292,0.21587992
0.14504528,-0.29720497,-0.7199187
0.93712044,-0.75715923,0.67774296
0.34233236,-0.049411774,0.3157692
0.33401418,-0.4392128,0.9835596
0.47425795,-0.45271206,0.05486989
0.049165487,-0.58393574,1.97193
-0.16313481,-0.009034157,0.5403272
0.3338287,-1.0569324,2.0527797
0.2550223,-0.2581215,1.0165148
0.15402031,-1.1642504,0.8421057
0.1859138,-0.7374582,0.6615308
0.21551919,0.57611275,0.040307418
0.06897926,-0.041941643,0.070233166
-0.06311345,1.6249657,0.49697447
0.15727282,0.42246437,0.022331893
-0.4555664,1.7459717,0.27478153
-0.19196391,0.8370123,0.2831204
-0.10906601,0.85593605,-0.19574606
-0.14488459,0.5202179,-0.016484916
-0.3241017,0.27777672,0.17485654
0.025482655,0.24979448,-0.04591757
-0.35910177,-0.34731913,0.18513322
-0.15780711,-0.08591032,-0.02095306
-0.32777548,-0.45337772,-0.12067014
-0.081063986,-0.1491909,0.020837605
-0.37979102,-0.09854698,0.062369287
-0.16491938,-0.1258936,-0.09798968
-0.25724506,-0.15105724,0.19624352
-0.11407137,0.0044546127,0.038255334
-0.2415576,-0.09674835,-0.2927004
-0.116289616,-0.094096184,0.040982783
-0.13878155,0.039378166,-0.21127582
