x,y,z
-0.5513555,0.3108356,0.46625328
-0.6715839,-0.03703785,-0.6179066
-0.5600581,0.020731688,0.87480736
-0.21440196,-0.16907406,1.0701284
0.16617608,-0.094417095,-0.20691013
0.42660093,0.2031269,-0.8525977
0.38641417,-0.043147564,-0.4200158
0.2825477,-0.10882568,-0.22284222
0.16550767,-0.3745737,-0.016971588
0.18713617,-0.53086233,-0.007797241
0.21936595,-0.30910635,-0.27620506
0.15418482,-0.34645987,-0.16910982
0.0940814,-0.2140727,-0.21702242
-0.066967845,-0.16152334,0.12619162
-0.15011954,-0.42055893,0.33052635
-0.14051294,-0.3687563,0.24065018
-0.10984802,0.027549744,0.063611984
-0.06417346,-0.009949684,-0.13856697
-0.028812766,0.20355606,-0.21586323
-0.05215037,0.2543912,-0.27452612
-0.011924267,-0.027193546,-0.18642282
0.01382041,0.1434865,-0.0855999
0.10537946,0.004491329,-0.2953534
0.15018642,-0.105917454,-0.27483463
0.053215265,0.024150372,-0.19428158
-0.2034471,-0.34309912,-0.11054945
-0.22367573,-0.35902214,0.12691355
-0.20137954,-0.10412598,0.05670786
-0.06759143,-0.075834274,-0.18742132
-0.12753439,-0.024017334,-0.1889019
-0.3543694,0.02140379,-0.051944256
-0.56390023,0.101038456,0.24256706
-0.52331877,0.015631676,0.19661474
-0.21080852,0.24138021,-0.068766594
0.062747955,0.4624734,-0.3765173
0.1979847,0.42009878,-0.5704131
0.17727566,0.31329966,-0.6424084
0.12877941,0.49777603,-0.51074076
0.19887304,0.40898204,-0.26558256
0.046067238,0.27094245,-0.06118059
-0.3060882,-0.123860836,0.5385175
-0.6892936,-0.525167,1.4034634
-1.2088246,-1.2294316,2.1148539
-1.3206749,-0.7944975,1.3090696
-1.2145133,-0.55138254,0.28005123
-0.50913763,0.2569661,-0.6819134
0.015852451,1.1068163,-0.9543381
0.52499485,1.4913619,-1.3294201
0.80640936,1.0019724,-1.053091
1.030951,0.2535932,-0.80422306
0.7180357,-0.5640054,-0.07033825
0.46567202,-0.5969362,0.55257607
0.35319257,-0.64252806,0.6616392
0.089669466,-0.9613099,0.33764124
0.07117939,-0.71177197,0.3294797
0.11910486,-0.20730352,0.47135592
0.19268107,0.24580145,0.087147236
0.20912433,0.5848222,-0.26753807
0.5628805,0.53211164,-1.1350341
0.60541,1.1695204,-2.252582
0.81037414,0.6657493,-2.1127954
0.56920505,0.22534943,-1.1821053
-0.057088137,0.29132342,-0.309119
-0.8302622,-0.13993049,0.60201883
-1.841475,-0.34697986,0.34392023
-2.3063087,-2.2477536,1.1073046
-2.0828242,-2.2491436,1.1116672
-2.086894,-0.92766714,0.82945347
-1.4581952,-0.088051796,0.36842728
-1.2151861,0.5014005,-0.5043025
0.35770702,0.7100978,-1.2957573
1.1529031,0.4268818,-0.9579971
1.8273149,-0.20487022,-0.7540884
2.1363554,-0.6367717,-0.33551693
2.064459,-1.1093225,0.08406496
1.5173869,-1.3382049,0.04307556
1.4415402,-2.1972036,-0.5485723
1.7638127,-1.7172651,-0.28979468
1.51038,-0.95961094,0.37534928
0.15912694,-0.42874432,0.3582096
-1.0060037,-2.1529818,1.1041913
-1.3395017,-3.495533,0.65305233
-1.8624625,-1.3530102,-0.58109903
-3.0858855,1.6669474,0.13068771
-1.7328653,3.0036583,1.5791545
-0.5604749,3.4914064,-0.25960827
0.025901318,4.5237403,-2.1213505
-0.3756895,4.142477,-1.2320166
-2.7334757,1.8927023,2.5365763
1.5618525,4.8673716,1.8057508
-0.060758114,-6.6685486,1.8651304
-0.022029877,-2.032261,-1.4142728
-1.2659793,5.8888535,5.0661955
-0.09005165,-4.8763094,-1.9827414
0.7161727,-4.50756,-3.6685197
0.23616886,-0.7335043,-3.159966
-0.066437244,3.0042562,-2.0392334
-0.50527143,2.18781,-1.3847884
-0.044497013,1.0401111,-2.7096887
0.4495964,0.045094013,-2.943177
0.92057705,0.64024353,-4.028838
1.8180652,-2.284008,-3.0151591
1.5742149,-2.1053271,-1.7121172
0.90176964,-1.0210314,0.13160801
0.35035372,-1.3077478,2.0271714
0.7068975,-1.6843147,2.2933779
0.6470156,-2.6041212,4.5752444
0.41409016,-1.6666374,2.9281564
0.18533874,-1.9369888,0.37544143
0.13393974,1.6946611,0.624887
2.0455194,4.9245,0.07048559
1.6799464,-0.64533234,2.6637926
0.9234692,-3.9602613,-0.5736866
-0.3789187,-4.4238806,-1.0658832
0.3841983,-1.7265024,0.7382667
0.6917831,-5.666586,0.69007564
-0.63445807,-4.397354,1.8544192
-2.5114186,-6.914713,2.853959
-3.4506516,-6.601269,1.5752382
-4.7719364,-6.56155,2.1972094
-4.5296345,-7.665432,1.8812237
-3.4061537,-3.1973724,0.43783855
-1.0062056,1.1393089,0.6648207
1.3495378,3.7477684,1.0138836
2.4205098,8.432726,-0.095807076
2.6018085,12.37499,-0.97762585
5.060711,12.755899,-7.4014626
1.2361534,11.661992,-4.991297
1.0179172,8.603699,-7.932267
0.7709856,6.75978,-4.8866477
-0.6389308,2.6637254,-4.950879
-0.8042464,0.6459725,-3.7676878
-1.705306,4.346809,-0.6920929
-2.308033,3.2002726,-0.021558762
-0.3355856,0.47298145,-2.3275547
0.27862215,-2.263876,-0.44308186
1.0747075,-2.2640586,1.6884842
1.4754095,-1.0368118,2.3983984
1.2430582,-1.2963951,3.5284834
1.4866195,-0.46960497,2.1662922
2.2048492,-0.07223612,-0.07844162
1.604172,1.0815337,0.17810869
2.6677518,1.7417996,-0.123515606
3.4296541,2.7803497,-0.6797075
4.395346,8.181327,-11.524191
3.378437,14.380753,-13.460201
3.3160133,0.2566452,2.1804466
-4.68418,-7.0099244,9.493633
-14.673918,-14.568814,16.907677
-22.587381,-13.211459,15.928034
-22.221565,28.83139,-11.992073
-19.362629,-44.002483,15.520865
22.14725,-25.712992,-3.0941682
12.176134,26.263908,-2.1534166
15.132391,3.2803202,8.823793
0.5078516,20.57728,5.371416
6.8265276,15.694672,-1.8410301
12.618822,-1.3770933,0.13337994
19.503859,-7.854788,-1.4959593
15.263575,-6.395398,-1.8798518
6.0467567,-2.4872162,1.4140444
-5.265585,-3.3478217,3.1651144
-1.2692051,-4.427249,1.3821125
0.27410316,-1.6428504,1.3748846
-3.5756187,0.68312716,0.74661636
-5.6670933,-1.753972,-0.27758408
-5.3216515,-5.1432686,-1.7329283
-5.330411,0.26321936,-3.4749293
-3.6382422,2.6768174,-4.793604
-2.98736,2.7306032,-5.421502
-1.8628774,1.4058857,-5.552142
-0.5578737,1.0805769,-3.7203908
1.0450053,-0.2124815,-1.8033772
3.4928122,-0.6768861,-0.20260978
6.3266125,0.055593014,-0.06837869
2.2056875,3.0817702,-0.38852763
-1.0384903,1.8895893,1.7218659
-1.7770758,-1.4139419,3.4019601
-1.0070839,-1.2190421,3.24526
-0.46065903,1.5948613,2.1780977
0.14034748,1.9814565,1.6973758
-1.8822341,0.7823965,1.858594
-6.805146,-1.1296217,1.1374025
-10.220897,-2.3150065,-2.9250398
-9.449659,-0.67561984,-7.359153
-8.219035,2.2092698,-5.682862
-1.789546,2.9860616,0.023607254
1.2603855,2.4795585,4.3514867
3.172501,1.1394892,-1.2403718
4.478999,-0.40462077,-3.7894633
4.4938507,2.235609,-4.142953
6.4263787,2.8328347,-5.624131
10.297201,8.758881,-6.363693
7.8849926,12.45042,-6.731285
-4.5702505,1.1342602,-4.125679
-13.156055,-8.86314,6.6406407
-12.696495,-6.9396133,7.7650814
-12.940208,-12.2514305,8.230364
-11.162437,-18.156286,7.556673
-3.5200958,-11.10977,0.8186087
-2.7370644,-10.030798,6.020231
-4.4684715,-8.993954,14.471711
-0.9383297,-1.2512016,12.429138
3.1627712,-0.7195587,2.8521252
2.9910488,2.6301098,-4.050967
1.964838,3.2063637,-1.1829138
2.1799355,0.48607445,2.4622746
4.6941767,3.6744614,-4.772418
3.9006605,2.1432648,-5.070841
3.320795,-1.4002209,-3.133481
4.354789,1.9048824,-2.1755114
3.5654678,3.2616663,-3.398094
2.6052122,2.9715986,-2.9485857
1.679594,2.490222,-1.5622494
1.3829298,2.1484318,-0.50644255
0.8007989,2.027752,-0.15097475
0.46194553,1.8876925,-0.49961615
-0.072104454,2.0141072,-0.9418638
-0.59777164,1.8100076,-0.9812684
-0.45765495,1.9322114,-0.39663625
-0.5104847,1.7775135,-0.13126421
-1.0116434,1.6310058,-0.28014207
-1.3216591,1.4361095,-0.3248582
-1.8096714,0.7337034,-0.4959798
-2.0269976,0.33472872,-0.59477127
-1.9791479,0.22648478,-0.17226231
-1.8274717,0.6322179,0.6053312
-0.7681227,1.0297933,-0.18413186
-0.13610649,0.633019,-0.90237653
0.95178413,1.9113724,-0.87478507
1.5974684,2.8398435,-0.7651892
2.691043,2.3093648,0.17529237
2.0394516,0.73483336,0.40791887
1.3052492,0.47029352,0.26106805
0.24389553,-0.089746,0.43983114
-1.3118391,1.0703273,-0.39884442
-0.33392143,0.6129918,-0.46671632
0.84356976,-0.7293209,-0.3645869
1.5986967,-1.3754127,0.09457427
1.9839115,-1.1346242,0.44513214
2.0312514,-0.88704985,0.7185224
1.8087211,-0.7822324,0.6805041
1.5621061,-0.814748,0.009546161
1.1621706,-0.9091079,-0.01687479
0.56144667,-1.6130595,-0.5501656
0.5125549,-0.14822721,0.2270993
-0.9667492,-1.7298179,-0.43079716
0.1704092,-0.7040911,-0.4779723
-2.3609886,-2.1744437,0.8785572
-0.6223049,-0.8308263,-0.10273683
-2.4898496,-1.8372393,1.6687999
-0.8411503,-0.41122103,0.20075631
-1.8438463,-2.707182,2.2890117
-1.4053087,-1.3280725,1.1278644
0.27280426,-1.1610212,1.4466062
-0.064442635,-0.96676826,0.6454191
0.20239162,-0.03952694,1.303328
0.022271156,0.0053491592,0.49855852
1.111373,0.52133656,0.5765023
0.37417412,0.29994488,0.6386442
-1.9302492,0.43559837,-0.27160406
0.29539776,0.09184456,-0.0068073273
-4.361845,1.1482372,-0.47630167
-1.1842089,0.19090939,-0.25426722
-4.299015,2.4941654,-1.4483218
-2.515398,0.56043863,-0.27417088
1.5773067,1.7316117,-1.4518664
-0.7924957,1.4575937,-1.0042765
2.984889,0.99415135,-1.2908952
0.99555206,0.17044115,-0.5227797
3.8488312,1.6153227,-1.5343614
1.2818575,0.70436406,-0.38133383
4.4090104,2.6465633,-2.5945852
1.9744105,0.24578738,-0.7105153
3.1299517,2.43735,-2.5554981
1.4561417,2.2524986,-1.3275287
2.3922024,0.8654587,-0.51711154
1.4022974,0.12791705,-0.6649904
0.14664865,0.6028452,0.88298106
0.42789412,0.39195013,0.1483252
-0.6041496,0.17116928,0.7415541
0.0010137558,0.28729367,0.3841896
-3.810154,-0.5317111,0.23821986
-0.36990833,0.084148884,0.6014215
-10.67776,-10.229338,4.368861
-2.100525,-0.07591891,0.108436346
-8.30246,-15.469546,7.047444
-5.7226963,-8.821779,2.967349
4.0341635,1.6875973,1.0931196
-1.3162804,-3.760439,2.2257566
8.121471,8.489427,-1.7182417
2.8380165,3.2665768,-0.50821114
7.4612837,5.944316,-3.2841055
2.9992986,3.1516078,-0.9893861
5.734951,2.7893023,-2.3478386
2.8766432,1.6150696,-1.3846307
3.3304367,1.7155131,-1.7902145
1.8863133,0.43751192,-0.7212931
1.6577334,0.9634086,-1.0040579
1.12837,0.96134657,-0.7069532
0.09391856,-0.84041286,0.063931346
0.378824,0.28497493,-0.27780014
-1.5288787,-2.131373,0.57762647
-0.06370616,-0.021793365,-0.05016625
-4.2790837,-8.859853,2.0717266
-0.3742915,-1.1301336,-0.051623106
-11.966154,-14.841799,4.4044704
-3.698904,-4.207756,2.3744974
-2.4285898,-0.8388958,1.041604
-3.7945042,-4.614311,2.2448845
2.971305,6.600662,-2.5441613
0.60225487,2.3504353,-0.7977629
3.6614776,6.8243866,-2.6573052
1.3688097,3.0345163,-1.1597774
3.6709337,5.754426,-2.2040613
1.6813197,2.6316829,-0.93558955
3.1139894,4.074648,-1.3526636
1.3662468,2.1618786,-0.71554047
1.796836,2.4332206,-0.81956613
1.2250572,1.3243532,-0.52758694
-0.57510376,0.5212085,0.36872965
0.46703112,0.67067724,-0.25894246
-2.397929,-0.36449242,0.7643764
-0.58925176,0.1911689,0.25476062
-5.7186804,-0.5058905,1.0533068
-0.9232874,0.027124286,0.9606545
-4.801635,-4.1535316,1.2108796
-3.1067562,-0.25409865,-0.009569168
0.21817303,-3.7359214,3.8782282
-0.6065941,-1.977272,0.79348373
2.3515124,-2.8391151,1.8853574
0.47220516,-1.5381575,1.8256736
3.1492047,-1.862422,-0.7821722
1.2478137,-1.4555025,0.3099904
4.4086742,1.5492544,-2.1061687
1.3566833,-0.171484,-0.6630144
3.5896227,1.814806,-1.1966031
1.9939654,0.99292374,-0.9022002
0.76435333,0.8714433,-0.27861166
0.99177694,0.26658916,-0.21048975
-0.18197286,1.7396808,-0.9820695
-0.18081877,0.24918461,-0.20254827
-0.091207385,1.3914385,-0.6643996
0.07953328,1.3731914,-0.6596563
-0.33983243,-1.5590296,0.3684814
-0.042811796,0.13151741,0.41204166
-0.8318513,-4.077526,-0.0013792515
-0.24737912,-1.1278934,0.09565139
-2.1533632,-7.589573,1.8187528
-0.103287816,-1.1170073,-0.049571037
-4.8958797,-6.1299934,2.2038846
-2.3028622,-5.6929913,1.2633862
-1.608674,2.9897652,1.4475317
-1.6639194,-0.9488659,0.7701273
0.9990854,6.064311,-1.8224082
0.05867672,2.4362106,0.09320021
1.4779048,5.245863,-1.1753769
0.550529,2.054906,-0.97748756
2.145117,4.3077006,-2.3279653
0.64044046,0.6883373,-0.50923276
2.3191142,4.7110257,-1.6957755
1.2022921,2.477223,-0.7895645
-2.1694636,2.8710134,-3.9269228
0.9789299,0.36338663,0.17133981
-3.591877,3.2435157,-5.385132
-0.44779634,0.53896403,-0.63626575
2.8500066,11.729845,-14.613062
0.6104312,9.063908,-10.886181
-17.17089,3.5269833,24.590338
-2.9295282,-1.8860407,-8.2654915
-9.596104,-11.841153,30.315887
-16.000256,-19.845844,11.29636
6.1813793,6.5687265,-10.754807
2.7088013,5.271991,9.1201515
4.3293304,-9.095695,-4.5903316
-2.6596603,-13.655839,-6.17554
9.837486,3.9062452,2.5338354
4.5583763,-0.6120825,-0.18338203
4.955305,7.933194,0.071107864
2.8664694,3.5357618,1.8428841
2.7309294,-1.3119426,-0.5597029
1.0873775,1.4174184,-0.4011135
3.7359834,0.13640618,-1.7169847
1.191247,-0.3831129,-1.7531576
-1.3383694,0.5424044,5.3427076
1.0358205,-1.9865379,1.8119602
0.6046977,-2.0405936,-2.0535564
-1.2142358,2.1523964,1.7211895
2.2721443,-4.4252453,-4.7395253
1.0082762,-2.2100477,-1.850369
3.7389886,1.2946572,-10.391762
2.3316612,-6.774637,-3.3409832
3.0107617,6.152751,-9.091758
1.4763947,-2.2450266,-3.6934395
-1.548142,1.4898548,-0.3917446
0.21663302,4.243332,-1.6098576
-2.204225,-0.6078024,0.78392124
-0.70431876,-0.19898939,0.85107136
-6.774521,-0.73873615,-2.1230288
-0.40843678,0.24278784,-0.33823395
-5.5998945,-1.424406,-0.30381012
-4.1600733,-0.0014400482,-0.40436172
0.26882172,3.825204,8.810827
-0.51135445,-3.4680376,-1.0020113
-0.20315075,-2.4739037,3.059191
2.3063226,6.6374326,3.827275
0.91982603,-2.3470154,-2.3404799
0.07537174,-3.4833398,-2.3421981
0.34703445,0.13651752,-2.00313
0.51630163,0.97763157,0.23802757
0.8299589,-0.20175219,-1.4626951
0.38713884,-1.2584181,-0.32933855
-0.9964504,0.6058512,-1.9453278
0.2632575,0.3509698,-0.63362646
-1.3607397,1.079638,-0.31971312
-0.7314348,-0.04912758,-0.84204865
-1.6510448,0.022188663,1.079186
-0.43455887,1.0209146,-0.54434586
0.7439184,1.2923493,3.2065296
-0.7650461,-0.17654562,2.544044
-0.19849491,0.7634802,2.215055
0.30813313,0.7460518,-0.5299041
1.2575502,0.31811523,1.778485
-0.04865265,-1.3271632,2.9080243
0.63694,0.95411944,-0.7805308
0.58998394,0.31950188,-0.7676904
0.3071041,-1.3247437,2.2560725
-0.036361694,0.7488098,0.6547575
3.3401034,1.9517679,0.0114558935
0.7432833,2.6971447,1.3296974
1.8516972,-1.7459946,2.9027414
0.6855607,-2.298832,1.2724199
2.3893628,-5.6620626,3.1633482
2.2033997,0.24530983,-0.70752907
0.3498317,-6.8961287,7.7234764
0.30357122,-2.9838963,3.8995361
-0.99323845,-8.095545,2.2198906
0.13813329,-1.7120476,-1.2040815
-4.9053254,-11.486164,3.907467
-1.6883302,-3.2400112,5.130186
-7.1483965,-10.936367,4.985691
-0.522069,-3.747757,-1.7615147
-4.411545,-0.12617874,-4.2685633
-4.446082,-4.5856857,4.574074
2.7994614,8.684511,-1.5560703
0.14751053,1.6538181,-2.883665
6.4135666,18.750252,-8.538584
0.8807478,3.791688,1.8290033
2.8958225,12.153652,-9.24594
3.3733575,9.716683,-4.1123657
0.6389184,4.013714,-11.154507
-0.6299839,2.7097473,-2.157412
0.030448437,6.573208,-9.5647
1.3602405,-0.3823531,-6.774164
-0.4701991,2.2192152,-2.1274357
-1.103847,3.9638977,-1.3477678
0.45501328,-0.40969753,3.283803
1.4802647,0.17909288,-1.1713343
0.68994474,-0.115223885,3.7721305
0.49519444,-0.009387016,2.8110266
1.9365541,-0.36762786,-0.48558617
2.1710262,-0.41915655,1.7118464
2.5356092,-0.084385395,1.3116345
1.1768938,-0.17965412,0.35677528
1.7277479,6.948874,-12.089735
2.9107952,-2.6456869,4.1837792
5.7748427,15.3642025,-9.245123
5.1822205,8.608791,-12.404591
0.6826153,-24.241299,22.63023
-9.461714,0.9209013,8.05846
-18.365908,21.312054,-32.932228
-31.32611,-14.327627,33.32883
-23.91468,18.79766,-33.075005
25.119455,-62.970455,16.578405
1.919632,-4.59569,25.706291
11.770714,16.396246,0.29863507
8.435776,11.707171,8.48081
6.180364,6.8076563,3.8509932
5.7022433,-2.4832387,3.1066656
2.4956222,3.310988,3.0915146
-1.4888325,-8.170289,-12.452529
0.28830147,-3.6875029,0.4181316
0.28717613,26.701393,-23.63917
-1.7637467,-0.733161,-8.626034
5.498353,17.35283,-1.7435703
5.1018004,8.658747,4.674636
-6.8985214,-4.8963547,3.551053
-8.143114,-9.276615,-5.4224815
-44.353916,-25.223957,26.48893
-23.780449,-10.434025,11.234411
-21.193882,-4.8758035,1.359664
-12.270836,-8.098921,0.31702805
0.039482117,-0.21562862,4.6756496
-6.905281,0.8196783,7.2506475
6.790848,0.6793566,2.8323135
0.066459656,-0.6776533,-0.63744926
19.274292,5.02738,5.616995
6.2492943,5.7488656,2.5621128
20.013502,3.116924,5.2605515
7.6218452,-1.002326,1.8145447
19.004152,-0.9065747,2.920374
8.036203,2.8153448,2.3164673
11.615561,-6.65948,-4.05822
6.911448,-2.0233927,0.6098194
3.1591876,-3.372755,-9.005714
3.3074708,-3.1652775,-2.8063393
-1.8549118,1.3330002,-6.708576
0.23175669,-0.22407913,-3.6376686
-5.3449326,2.9640713,-3.8481388
-1.0058689,1.4603033,-2.2207074
-5.404579,1.9581637,-2.6639395
-1.892931,1.1980624,-1.0628924
-4.6269493,0.5614333,-1.7467246
-2.9106827,0.49722338,-0.97999763
-1.7233982,-0.11081791,-2.4582844
-0.77506447,-0.009632111,-0.75812435
-6.1808357,-0.098101616,-2.0680542
-0.03154373,-0.015284061,-0.6815257
-6.952263,0.6199889,-2.077258
-5.7718124,0.47034264,-1.6037248
6.81448,0.57989645,1.7271396
0.9335365,0.057014465,0.049622178
9.935232,-0.22859669,2.340918
3.9835005,0.5891969,0.6247828
8.2602825,1.166215,0.78599787
4.285996,-0.06726766,0.8753848
3.7666068,3.0077367,-1.4087453
2.3432078,0.0034610033,0.23689365
1.888855,4.2022195,-2.3015828
0.9667649,2.3339293,-1.6507584
0.7796192,1.112175,1.563729
0.76404285,1.2496254,-0.6847315
-1.6179099,0.21902275,1.5169728
0.19649792,-0.1770091,1.4428074
0.12116146,0.5302756,-0.33001566
-0.8479595,0.2704234,0.08605385
-0.020183086,-1.5522865,0.042815924
0.16789341,-0.10780048,-0.47978544
-1.1183796,-1.3469217,0.825299
-0.09518576,-0.8421102,0.38415623
-3.3844547,-0.5818546,0.10795379
-0.63835907,-0.25133616,0.39393568
-5.1157417,-0.6282033,-0.5814464
-1.5119429,-0.25341812,-0.40277147
-8.331825,-0.29089987,0.43328857
-2.0716572,-0.104964584,0.13020492
-7.943815,-1.8385036,-2.3361533
-4.402174,-0.028957725,0.19497657
-0.5342808,-5.162428,-3.1114097
-2.2235909,-1.3778663,-2.1475956
6.5310135,-2.4432364,1.8065709
1.3895512,-2.650065,-1.0104514
8.172281,-0.031975746,1.4571441
3.0666676,0.008648872,2.140016
6.69744,0.73643684,-0.815434
3.2428737,-0.14159584,-0.31961554
3.1327186,1.735867,-1.6495026
2.254703,0.49957132,-0.5638169
0.3366971,1.1977272,-0.73931825
0.46984625,0.8002553,-0.64937687
0.2976365,0.49684,1.2331419
-0.05621147,0.16321683,0.09814846
1.1837273,0.0033278465,0.6221006
0.44193363,0.1599555,0.24951231
0.043800354,-0.15964985,1.685848
0.34061956,-0.04394865,0.5058665
-0.35814428,0.35954213,1.5005527
-0.1725173,0.11671758,0.7243812
-0.06291008,-0.28998566,2.1950903
-0.121474266,0.46716404,0.6371808
-0.87453365,0.8689964,2.3767877
0.1895876,-0.38466763,0.92508364
-2.3471818,2.251444,1.9052253
-1.0961409,0.6426017,1.3465242
-2.3701925,1.8393586,-1.1409264
-0.6496477,1.0668646,0.32708645
-2.8705015,-0.93223935,-1.2723885
-1.2885618,0.14346245,-0.90013695
0.53446007,-1.8281423,-0.3155985
-0.8546629,-0.6444359,-0.06254482
1.466444,-1.9340024,-0.45987654
1.1178026,-0.8991256,-0.5379548
-1.1831121,-1.0902896,-0.4622774
0.28629684,-0.7851262,0.22205639
-2.4170637,0.82907844,-2.004621
-0.99069977,-0.26464748,-0.47390866
0.17346859,1.8701023,-1.0679138
-0.7669811,0.775486,-0.7738695
2.3959646,1.7006903,-0.22406149
0.4960575,0.8555339,-0.2767086
3.1200337,0.124629855,-0.19854546
1.1601915,0.5915477,-0.047390223
1.9469023,-0.06577337,-0.3061421
1.0422225,0.022261262,-0.06721854
1.3167138,0.41723925,-0.41383386
0.6741452,-0.028698683,-0.08251119
0.12959146,0.612936,-0.12176013
0.26221657,0.07049838,0.07683468
0.2781434,1.4134532,-0.7751974
0.17341518,0.46790767,-0.21878195
-1.314043,0.52777195,-0.24421608
-0.030405998,0.512455,-0.22678351
-1.5900555,-0.4918035,0.043330073
-0.59778786,0.0805763,-0.03662491
-3.0319128,-1.2217635,-0.20424998
-0.82645035,-0.33143565,0.122107744
-2.703247,-1.6708581,-0.36008567
-1.5891075,-0.29860777,-0.38061923
-0.895978,-1.5946858,1.7315245
-0.7036705,-0.85664415,0.13670444
-0.53615665,-0.11155009,0.7984731
-0.11329651,-0.57551503,1.0948253
1.2912283,0.38096,-0.9771687
-0.45920467,0.1319573,-0.2944138
3.7130451,0.40776575,-0.29721725
1.1566467,0.24717939,-0.5043384
3.3022408,-0.077777624,-0.034706235
1.4223719,0.1877271,0.57231617
2.3705893,-1.1210089,-0.32324767
1.4512892,-0.54429746,-0.89487624
1.1218934,-0.7023096,-0.13295388
0.59083176,-0.26866794,0.1631403
0.73975277,-0.8231702,0.21473455
0.48570013,-0.34755135,-0.20733488
-1.3838634,-1.2260823,1.093137
0.061282158,-0.24685907,0.2675023
-2.7832565,-2.235774,0.97105646
-1.0794954,-0.89152956,0.5050223
-1.4478283,-0.51388407,-0.13034344
-1.1870985,-0.5694556,0.18779516
-1.1535416,0.59169674,-0.14489698
-0.22035313,0.21319914,-0.26588297
-0.023040771,0.7371049,-0.2575059
-0.025471687,0.30932426,0.011409283
0.6762934,0.37111616,-0.16431451
0.043626785,0.073559284,-0.1281457
-1.2944441,0.4117627,-0.6305728
0.2916603,0.17005873,-0.090979576
-2.6725893,0.26206636,-0.48267102
-1.1649618,-0.0667181,-0.21543992
-1.0167904,0.96861124,-0.6895056
-0.99091434,0.18474102,-0.16240692
1.1892395,1.4620519,-0.019664645
0.021017075,0.6936114,-0.29605895
2.2107534,0.6722224,0.57819915
0.9337435,0.4991753,0.25206113
1.5307589,0.5738325,0.18736792
1.0026693,-0.21808171,0.25935388
0.5988045,0.3568895,0.7359979
0.30661964,-0.34619904,-0.117360115
0.51495266,1.4976611,0.6940987
0.118112564,0.465106,0.70471215
0.90302896,2.228352,-0.8943342
0.024781227,0.74887365,-0.03147602
0.6747446,1.3005861,-0.40168464
0.47014332,0.8997958,-0.20651269
-0.24920082,-0.0048681498,0.5650234
-0.067551136,-0.14715075,0.20685387
-0.9702673,0.1908294,0.91232157
0.053236008,0.4239918,0.30654168
-1.5043468,-0.7384238,0.15787935
-0.63946915,-0.07113153,0.33088636
-1.9139681,-1.4674885,-0.54058695
-0.58597565,-0.19450015,-0.13605213
-2.117237,-2.7462268,0.407856
-0.70993805,-1.03128,-0.38559842
-2.778843,-1.1304319,0.58065295
-1.1180439,-1.0559835,0.8604183
0.19922829,0.38298273,-2.4357638
-1.1780033,-0.06594586,-0.51693213
3.4506788,0.4803052,-1.4095682
0.73284054,-0.110919476,-1.2422918
3.4677067,-0.23494339,0.12277436
1.5972233,0.4855361,0.046397448
2.2036185,-0.9365401,-0.7410471
1.2065206,-0.2730081,-0.15248942
0.876369,-0.8075607,-0.7365578
0.6696687,-0.38506222,-0.26760256
0.24624538,-0.43184662,-0.32142997
0.19283962,-0.3790455,-0.3298306
0.66738033,0.35960054,0.61481225
-0.04788637,0.11981964,-0.017173648
0.89179087,0.6880677,0.94822186
0.50792265,0.2426982,0.82444704
-0.8134198,-0.6062207,0.37901402
0.21644211,0.38122797,-0.05009818
-2.3070107,-1.5472598,0.7555338
-0.7057452,-0.60104465,0.44676661
-2.5018797,-1.0021815,-0.3898089
-0.7768316,-0.5923629,0.038592696
-2.8630257,-0.4603238,0.34341538
-1.2010326,-0.2654934,-0.24449766
-0.78704834,-0.3185482,0.6878128
-1.0645285,-0.13032055,0.51068544
-0.45911598,-0.12171173,-0.5419692
0.06625366,-0.16063833,0.095971346
-1.1635084,0.6863208,-1.2119106
-0.18842411,-0.043426037,-0.3680339
-0.4975338,1.7879701,-0.63240457
-0.663187,0.42259312,-0.54724187
1.3836613,2.1046097,-0.07442278
0.10407734,0.6604848,-0.09666386
2.1643133,1.2930505,0.16338167
0.809021,0.7248888,0.08770907
1.7865086,0.48997772,0.099037945
0.8185215,0.49899256,0.063384295
0.9007969,-0.2307365,-0.33331266
0.6378012,0.040800095,0.0027326643
-0.46521187,0.25289094,-0.34914532
0.16348362,-0.101703405,-0.12538652
-0.474576,0.62597215,-0.5307404
-0.23324299,0.23360276,-0.12362109
-0.584445,0.2874118,-0.16645801
-0.35106087,0.31878513,-0.3639577
0.53686905,-0.34300482,-0.01841247
0.040203094,-0.10306895,0.12152514
0.66163063,0.40138394,0.6248033
0.30698872,0.109785914,-0.3831256
3.028143,0.11776388,0.73240006
0.35822105,-0.0012456179,0.6234973
3.3765838,-0.4972589,0.09870958
1.6415675,-0.02557838,0.08922303
-0.2717619,-1.3509941,1.3518872
1.1177924,-0.3513193,0.022448659
-1.8266807,-0.32291102,1.6600456
-0.82890797,-0.19440484,0.78814936
-0.33896446,-0.7204797,0.3082826
-0.62146187,-0.12553549,0.5481951
-0.5678201,-0.8112445,0.93158245
0.27402687,-0.30007887,-0.45034075
-0.7914977,-1.906682,0.914629
-0.5096226,-0.11396408,0.9500475
0.05231762,-2.2150764,0.31996012
-0.2714424,-1.2904692,-0.2870903
1.3248553,-1.7176919,-0.045832157
0.3683009,-0.6365719,0.68318176
1.8890519,-0.59128094,0.77127504
0.63744926,-0.55156803,-0.55600214
1.0454001,0.66443634,-0.13212681
0.5602641,0.12644291,0.85779667
0.17316198,0.97424793,-1.3387902
0.39276505,0.20826817,-0.52585125
-0.7844577,2.5696316,-1.4305995
-0.017849922,0.5719614,-1.0151825
-1.8884783,4.1262927,-4.1464005
-0.396513,1.0472469,0.093697906
-5.8879957,4.738466,-1.4355476
-1.1772175,2.9391484,-2.6839476
-2.2688522,1.827425,-3.2515483
-1.5654545,2.6681309,-1.3317013
-1.2715721,-1.8917434,0.28466964
-0.43073368,0.89005256,-1.7040596
-0.7981796,-3.608919,3.5476413
-0.8877773,-2.9639955,3.1883316
0.65612125,-1.5613859,1.806092
0.16709042,-0.40475893,-0.4576015
-0.504446,-0.93325305,-0.40165746
-0.0071935654,-1.9518251,0.6546512
-0.22525406,-1.3487668,0.5032527
0.53464127,0.9877944,-0.7980217
7.5454617,11.759672,-9.283089
-1.9053154,-3.1155574,2.4189925
1.8467078,1.1656234,-5.3808565
5.225604,6.7893476,-5.3790293
-7.1334057,1.7234364,20.994368
-14.444048,-7.1161995,10.21859
-6.9580173,-8.663968,-0.26959515
7.029845,14.049974,-16.63852
2.591402,-11.598918,0.29495585
-0.9908314,-5.5768995,-2.5356383
10.510206,-3.2550964,0.30787587
2.0484533,1.6463301,3.8484855
3.5129104,-1.3106709,-0.11734402
3.6273227,-1.1161737,-0.4551078
-0.4734087,-3.5981188,-3.5596418
0.545907,-1.159708,-1.403234
-2.1559124,0.7410426,2.6016786
-1.5268841,-1.5192404,-0.4234357
-3.0887012,1.067163,-1.7006245
-1.53547,0.59870815,-0.7911358
-1.848444,-0.07038498,-0.4572935
-1.3638134,0.4100442,-0.8626795
-1.3034134,1.3197079,-1.9342394
-0.8954754,-1.1289754,0.12735605
-0.19309711,2.7588167,-2.3778162
-0.066887856,1.4806371,-1.8129377
1.3454456,6.4761076,-3.7375898
0.63890266,-1.1983833,0.5468731
1.3144808,2.6944757,-1.7906094
0.7922354,3.327239,-0.7782402
0.05653763,-1.993957,0.002984047
0.38554668,-2.9034235,-0.9465761
-0.29721355,0.19507635,2.0236006
-0.024729729,-0.4819379,-0.3321867
-0.38510895,2.59678,7.401345
-1.0279369,-0.65488183,2.188664
4.54271,3.1878843,5.766237
1.3367386,1.8441129,4.8043656
4.1085615,-2.992191,-0.34527504
2.1284213,-0.18351556,0.41032708
2.5757632,-4.0968046,-0.5586976
1.2531574,-1.3930593,1.3616619
1.1559799,-4.218158,0.8898511
-0.5135851,-3.1516461,-0.35753015
0.21986508,3.1774068,-0.4724533
1.20259,-1.9335561,0.9510424
-2.1478205,0.13239098,-0.4823227
-0.45676374,2.6390567,-0.15545756
-1.8138919,-2.2719707,-0.73232824
-1.0490336,-1.0587311,0.5288301
0.15298986,0.019604206,0.9008014
-0.6100044,-1.4507895,-0.1911639
1.2736635,0.22684097,1.9830204
0.46884727,0.26776123,-0.01645732
1.1658056,-1.4007616,1.4359484
0.24045992,-0.27591133,2.7562218
1.2632716,-3.8249636,1.497364
0.9770458,2.1182451,-2.296269
0.3341744,-4.1682253,3.2161279
0.62299275,-3.2836447,0.5582104
0.35274673,-7.7326946,-1.6745605
0.06333518,0.08004761,0.8344493
-4.5885115,-10.515434,4.8060703
-0.08658886,-5.2175064,0.7713213
-4.3274393,-8.559713,-0.6402478
-2.1765652,-2.7553368,-0.6150856
-5.4459066,-5.807125,0.62072086
-3.1773891,-6.442501,2.6757755
1.6899328,8.204063,-1.2524829
-0.9977598,2.2856197,0.38746738
5.427767,15.680907,-2.9100685
1.4526815,3.2094307,-1.5084853
3.0212908,16.14037,-6.9229712
3.0843751,7.8413982,-0.8635329
0.8339772,9.258339,-10.253584
1.1543226,3.4660132,-7.0388355
-0.13310623,7.636423,-2.4347324
-0.01010561,2.417261,-2.594057
-2.588375,0.6154151,1.2526846
-0.07676983,4.7547603,-1.0845299
-0.29429865,-4.9049373,1.1722298
-1.6164455,-2.7989917,0.42078495
3.3263698,0.13013577,1.4246478
0.70078325,-0.030102491,0.9883895
3.1499271,0.6717968,0.8409605
1.3693272,0.13728285,0.20111132
4.811288,0.54908013,-0.5071888
1.6327437,-0.16190553,0.7602596
7.114353,8.141628,-8.304176
1.013598,-0.18454838,1.0948915
1.666143,10.079273,-6.303364
5.1314955,10.063873,-12.346821
-20.083252,-21.862034,23.156002
-1.7993479,-3.2380972,8.603345
-45.512886,18.901592,-30.240631
-16.86074,-15.327893,31.049114
11.965155,11.515017,-13.45892
38.567036,-58.174057,13.8634405
1.6740503,1.9860096,23.404833
7.0994177,16.774746,-11.006998
4.7198405,13.998082,10.063529
1.0639648,11.364467,0.7803831
19.197119,-7.068968,0.91469574
5.864333,-6.525309,6.6716566
7.6804295,-3.9861941,-2.1197844
5.7597675,2.4762764,-1.6646519
-1.4637718,-0.5450649,3.3322926
-0.8172951,-2.8817158,0.4731989
-1.820919,0.93833923,0.1955862
0.06504059,1.9535484,1.5502033
-5.5971975,-0.13491821,-2.3681793
-1.5059557,-0.43724155,-0.073750496
-4.8496966,0.9521258,-4.2257524
-2.4617767,0.025558233,-1.7330103
-4.280028,1.7018754,-3.9009576
-1.7263751,-0.12437272,-1.112956
-2.2065957,1.4480937,-3.9484863
-1.550127,0.7245177,-2.3017845
-0.078837395,1.9806576,-1.9435549
-0.3446555,-0.108374774,-1.1473411
-12.037593,-2.2206938,1.064609
4.9541807,-2.256342,1.7110481
-23.203085,3.88984,-19.737932
-12.565332,-3.426671,-0.06597376
10.307349,11.942298,3.2552629
-4.6533623,7.056204,-11.722557
7.711098,-9.060112,11.009148
4.653162,-1.3992693,9.037831
13.055889,3.9005322,-8.380269
2.8732386,-3.0674012,1.5579777
8.629978,11.813674,-14.316591
10.303928,6.285887,-9.335768
-14.511236,-13.803684,14.925533
-6.08624,1.2312498,-1.8295021
-5.4290147,1.2859936,4.561413
-5.109522,-15.391647,17.583311
-17.950954,-30.623898,7.4777594
-7.743696,-2.793148,-13.106774
5.0728693,-11.402727,13.431461
-0.5886822,-13.03157,12.575491
6.2657156,1.7805634,0.44969273
1.2887125,-0.84321976,0.31998158
8.43106,14.86291,-2.7540617
5.326926,5.1927395,-0.21805191
0.36150932,11.522633,-3.3803449
1.7988977,6.2635756,-1.1628361
-7.395815,1.9906626,0.265563
-1.4220438,2.7848616,-0.4950533
-5.185195,-2.2384157,0.907465
-4.3129807,0.2774496,1.3224049
3.339735,0.66023827,-4.9196644
-0.28511906,-0.97183037,-1.030962
4.8480287,4.966287,-3.4102743
2.4407902,0.66853523,-1.9052317
1.8777571,4.949647,-1.063055
1.572578,2.8781714,-0.9699578
0.4992628,1.9661453,-0.16568327
0.3440447,1.4192235,-0.03861642
0.45769358,-0.43244982,0.3736806
0.10598469,0.24574256,0.15794444
-0.11144829,-2.5548768,-0.24061608
-0.11882782,-0.42308044,0.17544794
0.3575878,-1.1932096,-1.9225934
0.16449976,-0.70236254,-0.7416595
-0.925951,-2.0124464,-0.030298233
0.3742652,-0.442142,-1.0046527
-0.33354664,0.59196615,-0.7839484
-0.49847603,-0.8071337,0.16022182
-0.8154869,1.8921933,-0.49045387
0.4204464,0.9980159,-0.7996261
-1.3275585,0.9099455,0.8994776
-0.7515707,0.5363965,0.16041529
-1.9029684,0.61604095,1.1737361
-0.2525587,0.3053937,0.2577939
-0.8710861,0.21537185,1.065974
-1.121377,0.0964663,0.5412526
0.9433203,0.029560566,0.6850374
0.31718826,0.020451307,0.42463326
0.6151867,0.5355997,-0.06687045
0.2833948,-0.015771627,0.14414215
0.47250843,0.6487906,-0.5022769
0.14457893,0.29111028,-0.20347095
1.4317513,0.41768622,-0.5853114
0.19920921,0.2765131,-0.24588704
1.3977618,0.2780993,0.41417575
0.9635205,0.006366968,-0.40453792
1.5436878,0.44997108,-0.22825837
0.36431837,0.25427115,0.20174432
1.4635925,0.18878257,-0.43323386
0.7390342,0.11928868,-0.19605827
0.65838814,-0.10293305,-0.24959278
0.4826603,-0.042892933,0.047119617
-0.029733181,-0.16535747,-0.45864367
0.08976269,-0.12728083,-0.18320727
-0.9247494,-0.37719154,-0.12031722
0.08543205,0.12021768,-0.18732774
-1.9112511,-0.40726423,-0.23787606
-0.87690306,-0.13193679,-0.109336615
-0.8630791,-0.62227297,-0.18030035
-0.7101965,-0.20671868,-0.12918282
-0.41315365,-0.42496705,-0.056628108
-0.056027412,-0.29036593,0.055695415
-1.4731445,-0.047928333,0.057097197
-0.14295673,0.061263084,-0.102896094
-1.4491005,-0.5001576,1.1078801
-1.169527,-0.5284922,0.9618709
-0.39607143,-0.21871662,0.8040688
-0.15235424,-0.18441486,0.5329914
-0.22775078,-0.19617224,-0.1155076
-0.13503456,-0.22821379,-0.20416951
1.2926378,-0.16750908,0.5573294
-0.026197433,-0.08575344,0.9481542
3.0753932,0.5687597,0.26818275
0.704113,-0.06350231,0.15018487
2.8318095,-0.2766142,0.33668756
1.5104976,0.09111738,0.7931528
1.1781745,0.093557835,0.65471745
0.7892742,-0.36763144,0.27191973
0.6491704,0.5308602,-0.7392154
0.3143382,0.2186997,-0.09309006
0.3544054,-0.37488127,-0.5790236
0.20230293,0.24427962,-0.212749
-1.0703082,-1.3636918,-0.17599869
0.20066595,-0.17097425,-0.51869583
-2.6067104,-0.31781483,-0.79165196
-0.706017,-0.57574797,-0.6123853
-2.8759327,0.2260499,-0.54209065
-1.2476015,-0.028476715,-0.42814946
-1.6458216,0.24839306,-0.28474188
-0.83267593,0.19421387,0.026156425
-0.29387474,-0.009012699,0.35384393
-0.509861,0.1443963,-0.110643625
0.39080143,-0.34275675,1.279135
0.17962742,-0.12589455,1.0975232
0.5056963,0.89396334,-0.06832671
0.0922699,-0.27062273,0.72701216
-0.09417629,1.3330417,-1.519027
0.272233,0.59265757,-0.1876452
-0.24255371,0.9309249,0.48209667
-0.53830624,0.35215783,-0.29364777
1.3410015,0.7126491,0.10626507
0.12121105,0.7165847,0.90310764
1.5577664,0.9627373,-0.0487175
0.41776562,0.11202872,0.5955272
1.031982,0.38122082,-0.5796082
0.7631316,0.42479146,-0.8291037
0.26928663,0.20904267,0.54963756
0.2259736,0.116932094,0.9294405
0.8755255,0.41347244,-0.98954487
-0.063305855,0.43164185,-0.6333089
0.2935233,0.25326645,-0.6290319
0.477458,0.01805535,-0.17886639
-2.9444113,-1.7720292,-1.292805
0.014082909,0.85174805,-0.16084921
-2.1224012,1.3235217,0.7152989
-1.0748634,-1.9999392,-0.38037074
-4.238225,-1.4760942,-1.2899907
-1.0713835,1.9467294,-0.9987427
-2.7389526,5.7155943,8.128563
-0.9009762,-4.323714,-0.06726217
1.6007586,-8.842704,-8.397088
1.5715132,-8.705522,-6.500369
1.7228794,-0.53796387,1.5046364
-0.121655464,-1.4567394,0.28876007
4.443925,-1.8455582,-2.7142847
1.6857014,-0.88695717,-1.3601985
0.901103,0.7072115,-0.80463886
1.405674,-0.3549013,-0.01850748
0.48131657,2.814457,-0.361207
0.18086243,-0.011444092,0.118189335
1.3369861,5.967071,-5.379308
0.36074162,0.6945882,-0.011962414
-0.4555912,5.177778,-4.2260485
0.46690464,1.0199409,-3.5811415
-2.3520422,9.615121,-7.451147
-0.6993227,0.7523587,1.6347027
-0.33571053,6.768492,1.8276768
-0.42018127,5.0244293,-6.5560894
3.0270379,-0.72847795,-2.6145763
-12.75122,-3.1431348,20.152597
-11.352539,-8.32617,35.10513
0.44638634,-11.873156,13.175482
4.0091515,-8.613195,-17.633461
-0.39759064,5.5568104,-7.526711
0.43660355,13.502447,22.618542
-2.6901512,10.060466,10.639013
6.2308836,-0.7553997,-12.579084
2.6960459,-4.19466,-7.489797
1.6381283,-1.5690761,-3.1202111
2.461173,-1.2003419,-2.0873408
-0.18085098,-3.2781086,-2.4943085
-1.2235909,-1.4099917,-3.4580884
-1.2611732,-3.098165,-3.4482014
-1.639185,-3.299062,-2.30798
-1.2252903,-2.4055996,-0.962258
0.33438492,-1.2990141,-0.9682718
0.96176434,-0.83443356,-1.9114137
0.3366537,0.16315365,-2.1549366
0.33497715,0.5564437,-1.9215896
1.3498125,1.0701709,-1.3493361
1.6407509,1.0373359,-0.48050308
1.6093664,1.034709,-0.011790037
2.007596,0.9257674,0.055278063
2.4463372,0.85910964,0.14417052
2.59229,0.3935368,0.20719099
2.4359365,0.18137836,0.19542599
1.8470702,0.079307556,0.28749537
1.3414829,0.08140278,0.49505174
0.8064511,-0.17621326,0.7918428
0.022731543,-0.6659329,0.83315706
-0.7960329,-0.94257855,-0.11187315
-1.9758615,-1.5379467,-0.332088
-2.7217588,-1.5512328,0.055614233
-2.7425098,-1.3222308,-0.3980446
-3.420804,-0.4371066,-0.8109696
-3.2971592,-0.29660368,-0.38111424
-1.7638845,0.036952496,-0.073829174
-0.7565403,0.106393814,0.2193675
0.3800249,0.26269293,0.57709765
1.6330023,-0.0847044,0.7891899
2.5069246,-0.4051051,1.1731596
2.7337284,-0.026359081,1.3422859
2.3027434,0.5255604,1.6926283
1.4109316,0.766932,2.286129
0.25024128,0.8325367,2.1695077
-2.1459398,0.23096275,1.8849468
-3.2412624,0.71629524,1.5419374
-2.672001,1.603049,0.95466185
-1.7560492,0.4298911,0.8392949
-0.67950726,-0.7790847,1.1853065
0.7771549,-0.24272203,0.77851677
1.784503,0.43765354,-0.75516176
2.315816,0.13299847,-1.0379925
2.5424662,-0.09262657,-0.3578577
2.3657417,0.6133938,-0.08805847
2.1223936,-0.46244574,-0.0073242188
2.5167427,-0.45379114,0.36612654
2.5270245,1.5192072,2.0087113
2.835466,0.7424493,1.8525219
1.8039722,-3.2145844,1.5089273
0.67646813,-0.96787643,-0.8102083
-1.4104042,-0.4983902,-1.398067
-1.4971869,-1.6183505,-2.4607625
-6.1495953,-11.806205,1.141861
-0.1724391,8.467176,3.2743902
-0.032214165,2.26401,-4.151533
-1.5575027,-3.9492874,-4.3854036
-0.008475304,-3.548049,-6.7109313
0.36845493,-3.053751,-5.6863146
0.6418681,-0.40219212,-3.1841516
1.5446894,3.2745228,-2.0286632
1.5095797,4.138236,-2.487401
0.4589436,2.0110388,-0.98515034
-1.0439644,2.2968435,-0.91856575
-2.1897001,0.61189795,-0.8774853
-2.2073927,-1.8409305,1.1040077
-0.23133564,-4.0880127,0.7111621
-0.71500206,-8.109585,-3.7172794
-2.8449078,-7.0442047,-0.9203205
-1.0637903,-0.109090805,4.2254477
1.2253418,5.7482843,0.018183708
5.540444,16.735538,-6.402525
5.796817,19.668507,-8.3481865
5.435321,13.960775,-3.4397373
3.4464269,12.928043,-1.9378777
1.2679527,-10.931766,37.506756
-11.388597,-7.3548856,8.496025
-11.55153,-16.37551,23.68702
-9.265437,-17.954832,32.81166
-1.5889053,-2.6329298,-4.1147537
-3.951233,14.492833,-27.412088
-11.632118,-8.477688,-13.895356
5.990556,1.1983657,-3.7077618
7.595727,2.1352878,-3.0793529
8.410048,2.2966838,-2.7139463
7.601185,1.626171,-0.84819794
5.8239717,0.3879943,-1.0025334
4.271305,-0.75533295,-3.1392531
3.0125117,-0.008403301,-2.455018
1.9280076,-0.0053782463,-1.5712116
1.563367,-0.411031,-1.549538
2.2754197,0.067914724,-1.5938941
1.0885191,-0.46831918,-0.92968714
0.2997892,-1.3784561,-0.28700972
-0.9680779,-4.018808,0.4062451
-3.8848782,-5.8434753,0.960253
-8.371844,-8.117575,3.5856707
-8.868455,-6.370512,3.2663007
-2.3492126,-2.9462986,1.894299
-0.05241871,-0.9677887,-0.5405874
0.33266926,2.606083,-1.1381693
0.24968338,3.8897133,-0.46487474
0.6485987,3.4670162,-0.20251799
0.96979046,3.732792,-0.6260731
1.7882705,5.144044,-2.403389
1.6118417,5.18763,-3.1807828
2.0229697,4.1536484,-1.796664
2.810135,4.130865,-1.7030214
2.4236605,4.4702425,-1.2416303
1.9571996,3.2333014,-0.23535788
1.3031733,2.1443954,0.74269545
0.89379025,0.5204606,1.0238847
0.31766587,-1.0045938,1.1333604
-0.9060712,-2.020468,1.5635128
-1.4394999,-3.456692,1.6549356
-1.7793617,-6.0230865,1.5540881
-4.653863,-12.349787,2.9728017
-5.514411,-8.050962,4.5503883
-2.0766115,-3.0012817,4.763254
0.155756,2.620885,1.3415127
1.6794744,4.774122,-1.3218794
2.50449,4.0943303,-2.0442538
2.5084565,3.3650641,-1.7909937
2.1601005,1.7031484,-1.6151166
2.248208,1.1880813,-0.96931887
1.8280545,2.3432264,-0.29092216
1.7414987,2.2382286,-0.31183863
1.6447313,2.390147,-0.5182934
1.7053832,2.3203554,-1.1805959
1.3534667,1.7792269,-0.70808053
0.94743013,1.0391065,-0.50067234
0.047069788,0.44437855,0.5315223
-1.2999022,-1.1605464,2.2126312
-1.4923542,-1.1794522,2.0611773
-0.6225999,-1.717127,2.278367
-4.069829,-3.4939294,3.95119
-7.9018135,-2.6728172,5.1842194
-7.7769747,-3.4405575,1.361167
-3.8403053,-5.33702,-3.7977395
-0.90098953,-3.0295563,-4.45011
1.2467909,-2.4874754,-3.857849
2.6213694,-0.67414284,-3.774534
3.3340816,2.289894,-3.163459
3.0731058,1.8516684,-3.1722984
2.199696,0.5185232,-1.5292125
1.2193341,-1.5053587,0.101567864
2.441376,3.9153795,-0.25524503
0.2830186,1.4730802,0.21511859
-0.21419859,-0.50370884,-0.22241199
0.5110707,0.32118702,-4.239685
0.860322,-1.7312536,-5.7151527
1.5956273,-1.694869,-3.2179303
2.8599484,1.5569506,-0.6083975
5.270356,4.6003933,-3.0662832
4.372081,2.4385962,0.2731886
-0.26184964,3.397916,-3.226841
-0.023548603,5.4828787,-11.035198
-4.475565,4.0422792,9.762007
-12.275682,7.367801,2.2484107
-10.634477,-0.7640736,-2.4147243
-3.68326,4.5154495,0.7223644
-2.0263119,0.58992195,1.435318
-2.6590443,-1.5837808,4.3800445
-4.5564423,-10.018883,13.670223
-7.888403,-5.8497353,15.469563
-0.58502007,-11.308742,5.3005886
4.0324516,21.872833,-8.626899
-0.6048603,5.59554,-2.4980087
4.9942894,-3.5332727,2.2212706
4.132573,-10.935584,3.323184
4.9386835,-4.5134006,3.7081594
2.7363138,7.388487,5.687563
1.0540504,12.422256,11.117611
-1.4430304,5.2197046,4.3280373
1.6936102,-1.7113466,-9.583371
-0.4422493,-4.2471805,-7.872506
-1.9195242,-7.855961,-5.8229356
-2.746994,-3.1997943,-4.629197
-3.6550503,-2.3788428,-4.285052
-3.6079674,-2.2104573,-2.7546916
-1.906107,-1.9417999,-2.867783
0.071811676,-1.9276857,-2.708786
0.4872589,-1.3854151,-1.9037073
0.6183033,-0.5756111,-1.8021748
2.0306664,-0.15693521,-1.43993
3.3391037,-0.33487844,-0.625823
3.8639164,0.046167374,0.48360443
3.8826132,-0.02714777,0.8795185
3.4548116,-0.10624695,0.12772155
2.6232657,-0.31776142,-1.1823969
2.2764835,-1.1365314,-1.1306129
2.2797887,-0.5695543,-0.74810886
1.2552705,-0.6832309,-0.64274454
0.017309189,-0.13693905,-0.7009592
-1.0109587,0.4900322,-0.49458218
-1.9755082,0.48523664,0.14775085
-2.441124,0.3886981,0.82393074
-2.2426558,0.569015,0.7724817
-2.6779861,0.75643635,0.43003178
-3.1588602,1.0434043,0.601598
-2.0201387,1.5611031,0.68841624
-0.8852997,2.301552,0.6811557
-0.27545738,2.4153512,1.3353935
0.64041805,1.8017172,1.5181329
1.2848043,1.0504357,1.6197634
1.5225315,0.4148543,2.199656
1.6103191,0.9397139,1.5272985
0.3855114,-0.11262971,2.345805
-0.47804546,-0.12111634,2.52182
-0.8682995,0.9200058,1.0546789
-1.7876711,0.8079212,0.45894194
-0.5005474,0.7024765,1.052206
2.1512327,0.81273746,0.9124489
2.3543901,0.41595602,0.9425225
0.8433285,-0.1444416,0.74418545
-0.18350983,-0.0878458,0.076351166
-0.14502811,-0.2860651,-1.0068822
0.27033424,-0.6274456,-1.3477254
0.6832657,-0.686571,-0.63576555
1.3811808,-0.96191597,-0.3976965
1.4800153,-0.70449907,-0.65905046
1.5110922,-0.5198324,-0.69147515
1.2704921,-0.5793913,-0.6110959
1.1226377,-0.96074176,-0.34819722
1.1383362,-0.8722993,-0.1416347
1.065639,-0.2303617,-0.62235045
0.3816805,-0.37574255,-0.34927106
-0.2292018,-0.4902383,0.05534339
-0.4163723,-0.33060777,0.23921418
-0.57446814,-0.2682836,0.26648617
-0.9621873,-0.29122007,0.14297009
-1.0463729,-0.45606375,-0.19044042
-0.5654831,-0.48341703,-0.41454935
-0.069242,-0.5177784,-0.5671723
0.12883377,-0.38807273,-0.3262155
0.10697031,-0.37248182,0.19727874
0.12055874,-0.1556449,-0.072939396
-0.34881878,-0.15630746,-0.19224858
-1.0629387,-0.060197115,0.027125359
-1.4173126,-0.007880211,0.48777294
-1.4648333,0.16963792,0.6308906
-2.4192162,0.12695575,0.39764118
-4.067381,-0.28343296,0.7203064
-3.3631392,-0.16147709,0.73374367
-0.15890026,0.342551,0.24128485
1.4934168,0.3264928,-0.54430175
2.2076664,0.24419808,-0.78812003
1.8235588,0.12104416,-0.6514964
0.92344284,0.18166423,-0.45526505
0.11905861,0.096345186,-0.4813738
-0.21953392,-0.13906884,-0.44292068
-0.05775833,-0.018518686,-0.4642794
0.30320263,0.32525158,-0.22052407
0.8222885,0.48090827,0.07798195
2.2792044,0.7414191,-0.08952975
1.1093287,0.5587841,0.008589268
1.6186175,0.27641058,-0.17224836
0.9363165,0.18762875,0.0031502247
1.1999002,0.3346029,-1.0200207
0.5212374,0.14059597,-0.03223622
1.447566,-0.5459186,-0.85113186
0.35796356,-0.016881227,-0.5692409
1.3277483,-1.6656764,0.38344288
0.7562895,-0.056254387,-0.2158156
-0.59777117,-3.7717237,-0.33272275
0.18743753,-1.0854087,0.16400057
-0.8836894,-3.334796,-0.69795907
-0.4092679,-2.164915,-0.42370948
-0.9606552,-1.8896694,0.6895712
-0.37424994,-0.7037325,-0.1486057
-0.5398483,0.47817898,0.04279834
-0.42518187,-0.37889862,0.59433794
-0.30582714,0.75809,-0.50375456
-0.36581326,0.22009087,-0.44498608
2.5745654,-1.4450617,4.57563
-0.23699379,-0.49886322,0.9839282
3.6790469,-3.2428808,0.91318774
2.9383922,2.493843,1.543653
-11.712365,-3.2413778,-12.998796
3.970205,-2.3778744,1.7831519
-0.84849215,-0.64690304,-0.4538958
-3.414545,6.772418,18.470856
2.4161553,-11.307259,-2.7767715
-2.5893087,-7.5952015,3.3514385
1.3062892,-8.815765,-2.323234
2.6073518,-2.2925053,-1.6707449
-3.253008,-15.040218,0.368011
-1.7923231,-5.572834,-1.8223372
0.5798025,0.03886032,3.8289661
0.80777645,-5.5005646,2.7048988
3.1203363,15.953501,-3.1982388
-0.4760995,2.066124,-1.6638007
5.2498446,23.56656,-2.3703425
4.1153193,9.859025,-5.7078304
0.019719362,11.352539,-4.64287
-0.73666906,5.3349414,-1.2828543
-0.81623316,2.9056425,-7.037524
-0.73384523,3.765779,-0.2794943
-2.9274526,1.7037132,-5.935686
0.15671349,1.4673195,-4.690632
-0.13414335,-3.123014,-0.07379913
-0.55932856,-0.3607119,-2.9110813
1.0731874,-0.90965974,6.4817543
0.5336106,-0.91622126,2.1302977
0.87015057,0.20887643,2.0498562
-0.54635143,-0.093097866,3.5291312
2.909514,0.52881634,-2.8791213
1.5908738,1.7542776,-3.7150946
4.5271015,4.590308,-0.71819115
1.4692514,-0.90058696,1.5553174
5.88655,14.4232025,-14.883711
2.3745413,4.3336535,-2.6777744
-0.6821928,-2.2630968,1.9560575
4.8206806,11.756886,-6.207306
-25.015415,-25.070448,22.106884
-6.751775,-7.577657,8.728701
-44.390495,-10.701512,-3.789709
-25.683975,20.638767,20.321419
23.729683,14.488272,-12.562069
51.247887,-42.73953,6.507829
1.6717298,13.961813,5.183983
4.398039,9.985178,-11.07351
0.7553483,1.2435553,6.9992876
-0.32869053,5.54444,4.9576187
2.868007,-6.7807198,0.27684927
-0.10588586,-2.8747923,2.8326406
9.185727,-1.4368751,-6.6131687
0.62617826,-2.2526917,-0.88897324
-7.2652884,-1.3605115,-9.177343
5.898494,0.2677635,-3.6087766
-15.416885,4.918401,-13.529037
-8.271694,-3.9375286,-5.1649666
-16.80291,6.4530663,20.547567
-6.846525,6.466704,-1.1749277
-23.713135,-12.564793,36.410652
-11.636822,-9.688679,10.477562
-22.761265,-9.712761,-22.253092
7.30315,25.074709,4.5530796
-17.196346,-12.206064,6.4229126
-11.005653,-9.396269,-11.3486
8.71904,-1.7538481,17.149326
-10.182472,-0.7700367,10.8131485
23.27705,0.3131609,-4.6744156
11.267319,-1.1740398,-3.8680973
16.337395,5.6643095,-4.0400476
7.6181316,-0.96864414,-3.1280622
14.496846,1.7275348,2.3512726
5.9054127,3.5848658,1.2167454
16.529644,-8.863814,-2.299652
8.799984,-6.1984158,0.4696331
6.867016,-1.2471733,-4.604294
4.9388523,-2.9924278,0.016697884
-1.904882,5.707984,-7.335107
0.22429156,2.6050234,-3.7919502
-4.0794425,3.8216143,-3.6879225
-1.2164602,2.0183234,-2.3771257
-5.476533,2.2065039,-1.0218344
-1.8133326,1.281918,-0.8822851
-8.357695,0.3300953,-0.24441433
-2.0376472,0.64643145,-0.15029621
-11.647045,-0.1884737,-0.03796196
-4.4477577,-0.23707724,0.13046551
-5.955578,0.6894975,-2.011141
-4.4581947,0.29264688,-0.3125944
0.7123909,1.1112645,-0.6275692
-1.5605621,0.4798336,-1.0697224
4.5649853,0.45112896,-0.2356615
1.0092926,0.65647197,0.276685
5.3194294,0.8844259,-0.4113207
1.9901352,0.10328126,-0.28010058
4.2310047,2.021301,0.23598576
2.0106525,0.5887799,0.05296421
5.0777006,2.0807247,0.3296287
2.0407515,1.3347284,0.29677033
4.3124323,1.6770655,-0.23297858
1.7379189,0.7454121,0.4944551
5.65857,5.922819,-2.4125557
1.6065254,0.59731436,-0.30747843
5.6893997,2.8906384,-0.43735558
2.9394279,2.7908344,-1.1533124
4.294589,-0.89843655,0.009637117
1.8199701,-0.90444183,-0.06584984
2.526986,-0.49456644,-0.53554106
1.5483179,0.61970663,0.03572911
-0.06329137,-1.2889056,-0.76473
0.35175955,-5.283356E-4,-0.24119636
-4.29053,-0.92124367,-0.92510706
-0.45210242,-0.045633793,-0.5231155
-12.242733,-3.0585413,1.0289433
-1.8854704,-0.53703475,-0.72973025
-18.907705,-4.4241886,3.3943412
-7.2205925,-1.8017824,1.2009072
-17.254906,-5.18919,-0.6319316
-8.640514,-2.277593,2.1866646
3.656147,-8.918375,-9.951733
-5.726036,-0.4780569,-3.925108
15.734119,6.0698986,11.327566
8.594244,-18.417732,7.145447
2.912283,9.902204,-0.953881
3.664301,7.9141355,-1.8424443
1.405859,0.43446922,-4.472054
0.8231354,1.0932384,-1.1352248
3.6097736,-2.5595064,-4.2385507
0.549654,-0.81064796,-2.1258059
6.4410963,2.6668146,0.71726847
1.8912897,-0.26529455,-1.7964778
3.8275747,1.172497,3.8210003
2.4802933,0.85765886,1.9918828
3.1733065,1.2215767,-0.4995858
1.0885582,0.22405577,1.025615
1.6390352,0.5234034,-2.0435
1.8335147,0.65522647,-1.0258987
2.2138731,-0.83253527,-1.3997355
1.1671157,-0.38572264,-0.7977643
1.9314137,-0.24379802,-0.85226965
0.69520664,-0.12538481,-0.53319407
1.0593799,-0.5307393,1.6783128
0.8480872,-0.06845808,-0.5363157
-0.1498189,-0.34567404,2.0486612
-0.003946781,-0.3422823,1.4613076
-0.7257664,-0.030589104,2.4920425
-0.2576313,0.23631477,0.41657695
-0.2828703,-1.0715246,1.5077635
-0.29289412,-0.15866852,1.4522367
-0.6088319,-0.8676925,0.77007365
0.12826157,-0.6273408,-0.5429803
-1.2785854,-0.9148154,2.1700435
-0.37239885,-0.0062766075,1.1068869
-2.1138573,-1.5654202,1.1680942
-0.6939845,-0.736783,0.69395065
-1.9488583,-0.48073483,1.090754
-1.0572643,-0.4639635,1.0244598
-1.6297331,-0.024189949,-0.7188091
-0.53277683,0.013631821,-0.0309968
-1.6434231,-0.24870014,0.021533966
-0.80049515,-0.13465214,-0.28654718
0.7548857,-0.26392365,0.8018713
-0.42858505,-0.0049562454,0.19448185
2.083898,-0.61302376,2.5945187
0.438838,-0.15636253,0.4775653
1.4545898,1.3632636,0.405241
0.97077703,0.091020584,1.4606686
1.3951035,2.6003208,-2.6645184
0.46842194,0.6375718,-0.81196785
0.8223009,1.0133,-1.5585513
0.6963563,1.2231207,-1.0924749
-0.16877985,-0.61924744,-1.3733912
0.15093756,0.017399788,-0.47904253
-0.40752316,-1.476717,-0.6375613
-0.13823175,-0.2693596,-0.55207443
0.253232,-1.6679044,-0.43453884
-0.122936726,-0.89584255,-0.1616509
0.50512266,-0.64688873,-1.0550083
0.17771101,-0.5840931,-0.18027592
0.41253185,-0.70939064,-1.3029008
0.34216738,-0.119971275,-0.58562565
-0.09206772,-0.56251717,-0.56786895
0.11269331,-0.4059801,-0.49061614
-0.7261987,0.19832706,0.24988806
-0.0066127777,-0.22243309,-0.02547884
-1.2867584,1.2750111,0.15530992
-0.39295197,0.2505932,0.036574364
-0.8245654,1.7907348,0.34365606
-0.6640959,0.46266937,0.077436924
0.048455715,1.74259,0.14915836
-0.09310293,0.91606,0.08320296
0.33574486,0.88354254,0.07316959
0.08309984,0.4735303,0.020779729
0.34585142,0.48386955,0.26919127
0.1370697,0.2560463,0.063489914
0.24248552,0.16693449,0.24289584
0.054059982,0.2508731,0.061983585
0.6184006,-0.096865654,-0.055332422
0.11996412,-0.042074203,0.11321926
0.7831626,-0.7608943,-0.22633612
0.34186554,-0.059463978,-0.18469453
0.21572971,-1.5979271,-0.2515136
0.23153687,-1.0579166,-0.12266147
0.9511032,-1.0907845,-0.6515795
0.13369656,-0.19091463,0.15912986
1.1091349,-3.5039473,-1.5085928
0.1291089,-1.243474,-0.8505778
0.87635565,-1.0685692,0.885256
0.7861142,-2.0368958,-0.5673301
1.7335413,0.61787796,1.3821859
-0.24048042,0.22995472,2.447534
0.14795375,5.4565535,-2.8312478
1.6591578,0.9026251,-1.0856936
-1.412786,-0.15935135,-3.296671
-0.20699143,0.1447134,-0.64653325
-5.178303,20.629889,0.44276834
-2.8253136,-3.446725,0.60055554
-2.4226484,-11.920618,5.3091326
-3.0705261,7.7580523,7.0002565
1.1117,-13.560222,5.644705
0.15526676,-4.260953,-2.8444548
-0.24386215,-6.358535,4.353142
1.6106582,-3.097992,3.7161102
-3.8250027,-7.721138,3.1138096
-1.0428925,-1.7206554,0.9049139
-4.34801,-7.7084503,1.8141689
-1.9813385,-4.3327484,0.8285618
-3.9786777,-10.480373,0.640604
-2.1157799,-2.6530037,0.5080528
0.32988548,-0.015468597,0.06619644
-1.8191586,-4.623623,-0.0526371
5.4536943,11.364719,-1.5537186
1.0295076,1.2821712,0.70033264
7.1619196,17.458185,-5.3882775
4.67097,5.957328,-2.9888115
3.453704,12.324556,-10.253089
1.7491517,8.670716,-2.2194698
1.9775388,4.8290825,-11.803251
0.34778333,3.3465054,-5.4257317
-0.6309037,4.3375335,-2.0198584
1.379806,2.6626325,-4.299061
0.9658196,-0.6832216,-3.1314068
-0.23229599,0.7563913,-0.940691
-0.5439997,-2.0503156,2.8149638
0.20652866,-0.24879348,-1.2369518
-0.07621288,-3.1441271,4.9651613
-0.67854714,-0.36043382,2.6276116
0.48050642,1.8317837,0.17389917
-0.25942278,-2.544992,1.8627024
3.2341192,3.3863873,-2.9373903
-0.18569326,1.1437188,-0.079490185
7.746396,7.7743807,-6.653508
1.8655345,0.7694702,-1.2549582
3.5276184,5.319172,-3.8876715
6.42397,14.979183,-15.633617
-19.780111,-23.003582,24.71922
1.3535124,1.8708668,2.5583396
-41.067905,20.824448,-29.906368
-16.156563,-21.844519,32.72025
6.778532,10.549925,-7.066221
26.020153,-57.236443,-3.7730923
10.047199,-4.9926186,21.770872
1.9589877,19.905516,-3.042872
5.2423005,14.706989,6.4602323
2.5736053,7.469531,4.0119658
4.003768,2.108188,-1.0332215
0.5658391,4.0215526,2.9396172
3.9630165,0.20793962,-14.50801
3.2748938,-2.952949,-2.8678994
2.9662724,18.106485,-13.980379
-1.904727,5.405363,-9.851494
-13.537098,-5.383407,-0.2079773
-4.2461534,5.780531,8.896675
-41.112103,-12.450788,16.665062
-11.215633,-7.3969607,-4.113289
-26.65953,-3.6875017,12.868132
-16.83685,-1.3486904,12.656259
-6.6721115,-3.3424058,2.5883617
-8.272491,-0.08740449,2.759801
1.0937195,-8.382398,0.79173565
0.25714874,-4.4361677,-2.196248
9.430328,0.4506774,6.0060844
2.0407333,-2.8021946,2.2870874
15.033848,1.9438496,5.112116
3.5660553,2.3779578,1.961649
18.248732,5.6253633,5.4125557
7.911289,-1.6831002,1.2330208
16.327084,2.802572,2.9603863
6.580305,6.1361537,2.824747
13.5077915,-7.612531,-3.8325195
6.587123,-2.6072965,-0.26623726
6.4896765,-6.3574743,-8.000391
4.352591,-3.2290897,-2.380518
0.21447754,-0.8515129,-5.9150724
1.6450381,-1.8949146,-4.070653
-5.3582735,2.9964528,-3.2932158
-1.0481176,0.5539913,-1.1070738
-6.9317274,2.2821736,-3.3409996
-2.7094154,1.2813125,-1.4333868
-6.9116306,1.9079657,-2.6381283
-2.7088127,0.7322974,-1.2210541
-6.7120457,1.9825721,-2.1681962
-2.774147,0.7218189,-1.1394148
-4.095339,1.8011849,-2.0592523
-2.4494,0.9474313,-0.31580448
-0.72485924,-0.0034947395,-1.8340027
-1.222393,0.20002556,-1.2932804
1.476265,-0.13706994,0.1468364
0.39778328,-0.1735332,-0.4361968
3.3329525,1.0289619,0.6892407
1.2029915,0.28772163,0.29401445
2.1520386,0.720443,0.016552806
1.3834324,0.34616184,0.25269544
5.070078,1.4979405,-0.9583783
0.64915276,-0.19359946,-0.47545618
7.4563274,2.5284889,1.4869542
2.5900707,0.5349045,0.32187974
6.6421814,2.0922132,-0.64594966
2.896452,1.7634604,0.48144913
-0.47688198,46.708088,1.7546086
4.311583,-14.754665,-1.7792062
5.3413205,-11.180603,-4.298272
0.41515875,-7.0575204,-0.06479144
3.4114914,-6.655889,-1.9384403
2.7319138,-2.3168266,-2.342318
1.4542254,-3.5528915,1.265166
0.90159076,-3.8413823,0.9997102
-1.9635172,-2.1780758,3.6231813
0.6862915,0.2179996,1.0148582
-1.8254967,-6.5994883,4.575234
-0.61975837,-1.8057203,2.4761243
-1.3604555,-1.3977628,3.326933
-0.83544874,-1.9671702,1.104136
0.7876785,-3.5329065,3.104679
0.28652906,-1.0566807,1.4660158
-0.6440575,-1.1604786,1.3535004
0.045957804,-1.4567537,1.1068096
-0.5038235,-0.44352055,0.19504166
-0.31478548,-0.4171629,0.18918228
0.1433022,0.856184,-0.8825731
0.025825024,0.053028107,-0.097498894
0.3858099,0.66830635,-1.4659777
0.14425516,0.109000206,-0.29006672
0.16127634,0.93550396,-2.1010032
0.18596053,0.2570219,-0.74092007
-0.3391397,0.27635098,-1.4579186
0.07255316,0.42815876,-0.79362965
-0.51438403,0.11313152,-0.71478176
0.03547907,-0.051711082,-0.39463663
-1.1709466,-0.02390194,-0.19893742
-0.4552064,-0.23134995,-0.35409927
-1.998302,-1.9423742,1.3730869
-0.45760632,-0.14600086,0.2842474
-1.1678057,0.9546461,-0.4386587
-0.88683367,-0.5167904,0.3842721
-0.2197442,0.6192732,0.6320715
-0.082408905,1.3478861,-0.49646044
-0.29484367,1.2150741,0.48211956
-0.1657157,-0.12640285,0.7207422
-0.27614212,3.3606238,-1.231905
-0.66399956,2.812748,-0.8650341
-0.8248873,1.8645151,-0.61491394
-0.9355173,1.2898238,-0.605001
-1.0139809,0.58032084,-0.5925274
-1.0550051,-0.014731407,-0.4527669
-0.6154432,0.110090494,-0.56711483
0.09491634,0.3523991,-0.74602604
0.738019,0.32819843,-0.75786567
1.2446055,0.20391798,-0.6980221
1.5289817,0.0017955303,-0.46971846
1.7830005,-0.018770695,-0.30828142
1.5716939,-0.30621266,0.008026361
1.4487157,-0.13774896,-0.14196277
1.4037199,0.1983788,-0.39578176
1.4392786,0.4610014,-0.4341104
1.4252613,0.2214911,-0.3820263
1.2814487,-0.25664067,-0.15409184
1.137311,-0.47377253,0.0760622
1.0971607,-0.8287895,0.2907815
1.0913843,-0.82309246,0.29336023
0.6111455,-1.4936538,0.71026134
0.03564205,-2.1342688,1.0874023
-0.9333375,-3.2138724,1.5034537
-1.381868,-3.4911013,1.5398836
-1.6765893,-2.5806026,1.0498819
-1.2599564,-1.4707756,0.6627307
-0.62096524,-0.6333065,0.53140783
-0.35911036,0.1279192,0.29260015
0.25284028,1.3245554,-0.3153262
0.49279213,1.8743486,-0.85609627
0.6647489,1.7374172,-1.1500912
0.4055195,1.0950913,-0.7421875
-0.06837726,0.8050542,-0.113379955
-0.32876706,0.63781786,0.3120408
-0.3452525,0.68861246,0.22575474
-0.28225303,0.43917942,-0.14971638
-0.43346953,0.52777386,0.075798035
-0.3662932,0.513989,0.3289199
0.08275628,0.46226168,0.12316799
0.12651372,0.33262205,-0.1816616
-2.4223328E-4,0.41360807,-0.27868652
0.18218756,0.7734289,-0.3867507
0.007807493,1.0680704,-0.07743597
-0.1329093,1.1585748,-0.04649496
-0.33788943,1.0203645,-0.5844455
-0.4338343,0.6652918,-0.7080841
-0.5166912,1.1582212,-0.50373936
-0.53447723,2.1065314,-1.9818625
-0.936594,0.664779,-2.4957557
-0.80781126,-2.498149,-3.0023928
-0.70547104,0.31807852,-1.4878936
-2.1140351,0.9467305,3.260011
-6.910596,-5.091143,3.1191697
-5.475463,3.9725409,-5.026212
-5.001343,2.743156,-6.58628
-3.7969189,-6.301156,-2.1834035
0.27752495,-9.683823,-0.7400265
-1.8404083,9.759612,23.454609
9.9450245,-3.5252562,-8.803887
7.5109673,-5.578167,-7.6509805
2.9100456,-2.5908947,-4.692833
-0.5815706,-1.4329252,-4.3027945
-1.3007736,1.8885498,-1.9140949
-0.64861965,5.1589136,1.870203
0.3985281,3.982041,2.0304954
0.49256325,0.23168468,1.3562119
0.094592094,-0.81859636,0.98749447
-0.35471153,-0.33083296,3.0882556
-0.42927933,3.153174,1.7251881
-1.0608015,1.9506104,1.8043766
-0.95012856,0.27691936,2.5093448
-0.3399315,-0.46480083,1.676466
0.6114111,0.39512205,1.6031101
1.3505154,-0.75996494,-0.4220227
1.6473298,-1.6539817,-2.6957083
1.546155,-0.6754761,-2.1711495
1.9318967,-0.23463917,-1.7756724
0.9468112,-0.44283628,-0.4882722
-0.0897007,-0.3508358,0.6804291
0.85890055,0.13095617,1.2782336
1.4001172,1.660538,0.9115392
1.0431752,0.8114488,0.56346536
0.6783581,-0.6206956,0.20279205
0.5168927,-2.4796257,0.29680642
0.2986331,-2.5660934,0.70480525
0.42403316,-1.3036642,0.2672007
0.41848087,-0.40377235,-0.62118506
0.6233189,-1.1425457,-1.0748303
0.7436893,-1.5556011,-0.9790263
0.49894583,-1.3280916,-0.9406961
0.3040024,-0.54811764,-0.6878538
-0.45359683,-0.7660456,-0.19506013
-0.42054653,-1.2135096,-0.26121223
-0.55568767,-1.9810257,-0.20088625
-0.33572006,-1.0318832,-0.007516384
-0.21792531,0.6972017,-0.015536666
0.1133554,2.4182653,0.23675501
0.3927958,2.140685,0.22966993
0.2820351,0.9318037,0.14698875
-0.11982584,0.04626274,-0.005526066
-0.5731504,0.08017349,0.52510303
-0.604321,0.2688961,0.44332618
-0.5599141,0.118463516,0.18872678
-0.3935876,-0.086606026,0.14836639
-0.37447882,-0.21785069,0.018339992
-0.20289135,0.24671173,0.09448117
0.24249554,0.90565205,0.24434268
0.5781088,1.1618867,0.4076747
0.66725373,0.9795799,0.45551252
0.6614828,0.6698351,0.3405613
0.94585943,0.3490162,0.1367479
0.65285087,0.0149793625,0.20550495
0.47911608,-0.08694744,0.11007109
0.458331,-0.2671032,0.34012836
0.4557544,-0.5371628,0.40615368
0.38362014,-0.5215292,0.49897552
0.24398458,-0.13458061,0.5905595
0.31704044,-0.1275034,0.6277212
0.35153794,-0.5305624,0.15504313
0.6279763,-0.5219021,0.17430985
0.46319643,0.23752594,0.470114
-0.13872439,-0.1375866,0.82951283
-0.80436265,-0.3991108,0.932348
-0.13784891,-0.15736485,0.5890415
0.049682736,0.08316231,0.5823133
0.027200103,0.085401535,0.913579
0.17983076,0.5174084,0.73179007
-0.18523693,0.77090836,0.19713068
-0.35605657,0.8963733,0.19664907
-0.5128819,0.74069834,0.14424276
-0.2975986,-0.056125164,0.36812735
-0.6440208,0.28586006,0.10075998
-0.43515754,0.32698536,-0.06882286
-0.4715693,0.10507488,-0.004207611
-0.4289844,-0.49203777,0.5412698
-0.36801958,-0.20457935,0.2989111
-0.043996096,0.029959679,-0.16265535
0.14039445,0.232162,-0.5086236
0.057674408,0.20374632,-0.8020611
0.033846855,-0.09178448,-0.24670124
-0.03503275,-0.05261326,-0.055225372
-0.019356728,0.027618885,-0.055263996
0.028983593,0.09888744,0.10560131
0.17637515,-0.045504093,-0.36911726
0.1159451,-0.022993565,-0.14889431
0.0037195683,-0.2859311,0.40883064
0.08665633,-0.54921246,0.69528913
0.1627202,-0.097135544,-0.03308916
0.1608355,-0.039182663,-1.0171647
-0.10545659,0.09750605,-0.7475195
-0.3463688,0.9220185,0.4394288
-0.29829025,-0.20363379,0.7087431
-0.21082544,-1.4787397,-0.07810879
0.1286254,-0.6322737,-0.34112406
0.2049036,0.514719,-0.0022673607
0.025410652,1.0174179,0.8367114
-0.051157713,-0.20999813,-0.02379036
0.16339207,-0.36730766,-0.06119442
0.4186902,-0.03128147,-0.7363558
-0.05381894,0.11328888,-0.43449306
-0.17694712,0.38202715,0.14330387
-0.099455595,-0.114058495,0.28171825
-0.045264006,-0.26146984,0.50208044
0.15643811,0.018066406,0.47609234
0.16141176,0.30116463,0.05493641
0.11556196,0.5298486,0.06733751
-0.008783817,0.47700882,0.29439116
-0.04852581,0.092297554,0.1455059
0.057816267,0.13875008,0.16514158
-0.15606594,-7.2956085E-5,0.38916397
-0.2592404,0.08882618,0.18317604
0.13135028,0.036928654,-0.062045097
-0.050777197,0.066538334,0.027711868
0.13911891,-0.09991884,-0.12323475
0.08290696,-0.024107933,-0.019110203
-0.01742506,0.038201332,0.059786797
0.042478323,-0.107328415,0.058183193
