x,y,z
-0.54962015,-0.2752738,1.3130121
-0.6045846,-0.47037506,1.3153372
-0.10346055,-0.008372784,1.036417
0.18508065,-0.46044874,0.54378796
0.029578805,0.1726613,-0.11779308
0.23498327,0.07832527,-0.8905659
0.2009548,-0.21189356,-1.2947345
0.15312773,-0.48957062,-1.3787212
0.0550977,-0.5401039,-1.3160195
0.1992175,-0.30429506,-1.0506434
0.08919197,-0.3678975,-0.68467
0.14595565,0.025034428,-0.4581089
0.110266805,0.08957195,-0.372869
0.046054125,-0.034611702,0.058628082
0.089233935,0.019220352,0.12026596
0.043319136,-0.35085106,0.33592653
-0.027438164,-0.86963844,0.771214
-0.075787395,-0.5718913,0.8613262
0.08174065,-0.15149021,0.27696896
0.17796174,-0.25784445,0.07612896
0.11236321,-0.34123373,0.04719019
-0.015428022,-0.18621159,0.40254784
0.07440197,0.08308697,0.61158943
0.15947437,0.22479153,0.2611723
0.17101662,0.18217373,-0.13317823
0.16308077,-0.03510523,-0.3273363
0.45986277,0.26100636,-0.6538596
0.59770536,-0.11642933,-0.22080469
0.62003624,-0.43000555,-0.0647006
0.5577136,-0.40544844,-0.05060196
0.24354732,-0.24876118,-0.055369377
-0.23639572,-0.042752743,-0.3694749
-0.62630296,0.1718359,-0.7222004
-0.9340705,0.42256212,-0.9387498
-1.0820085,0.40528154,-0.74943256
-1.0724932,0.43865824,-0.5685096
-1.1185012,0.752687,-0.4205413
-0.61470973,1.1559267,-0.71964025
0.06933713,0.9190707,-0.9570315
0.31252623,0.65103006,-0.568064
0.4375217,0.2971406,0.10838413
0.6646185,0.16105652,0.56582737
0.4192267,-0.4684677,0.9719806
0.527262,-1.5838776,1.8402376
0.5443067,-1.6434522,1.8933306
-0.8973948,-1.5160933,1.7296453
-1.6423383,-1.7395086,1.6923075
-1.4709437,-0.48044968,0.7475052
-0.581316,0.7559209,-0.45935822
0.7664485,0.9771867,-1.717485
1.4911119,-0.0028390884,-2.0308228
1.4814191,-0.08762503,-0.8783474
1.2990024,-0.12503338,0.10899973
0.9110406,-0.23018551,0.38541174
0.72250426,0.09171867,-0.102698326
0.5773244,0.3712864,-0.7475958
0.3158574,0.17020226,-0.96572924
0.31860268,0.13191462,-1.230983
0.423023,0.3234625,-1.2260637
0.6139674,0.86436796,-1.4205809
0.44503713,1.3193402,-2.1840365
-0.009375811,0.277431,-2.502564
-0.6296421,-2.3798347,-0.8033183
-1.0480646,-2.2095604,0.32097387
-1.1396418,-1.7650118,-0.46418703
-0.9837308,-2.122531,-1.9611456
-0.56063473,-1.2542238,-1.863452
-0.5288904,0.23618793,-1.419388
-1.0678594,0.54342747,0.19483948
-1.9169228,-0.5470638,0.6380142
-1.2360244,0.7531271,-0.10805249
-1.126627,1.3002443,-0.75102234
-1.2833915,2.765905,-0.83767796
-1.1646037,1.9203439,1.6994958
0.6812146,-0.28181744,0.72299254
0.01153326,2.6880822,-1.9797535
-3.9719734,-3.8479662,-1.1842988
-4.330245,-9.190981,-1.1134424
-1.9592428,-5.831661,-1.0159965
-15.885746,22.331976,14.700235
9.316179,-7.0615177,-4.580117
3.7589235,0.9677558,-3.285234
0.9377785,-0.08242464,-2.315538
0.35960865,0.83444405,0.25567138
0.7511263,-0.12484026,0.73823804
1.1809778,-0.05844593,0.12157822
1.5143089,0.73946476,-0.5841389
1.3782778,1.4186802,-0.5669172
1.0429883,0.86658335,-0.4854102
0.47750902,-0.9271097,0.44782054
-0.42529583,-2.3462887,1.9828492
0.09402752,-1.6732416,1.9723442
0.9014039,-1.7496777,0.46244538
0.27657032,-1.9487629,1.127998
0.566206,1.0772743,2.387517
2.6148367,-1.1125174,-1.095268
1.4681687,0.17824936,-1.7199439
-0.7106471,-1.4320002,4.948714
-0.6356244,-6.454174,1.5674667
0.023774147,-1.9349022,-0.44483447
-2.03652,-2.9575653,4.1865253
-0.78086233,-2.6405983,2.2074313
-2.3001919,-6.205639,3.4384422
-0.14516068,-1.4188137,0.40782452
-2.6288414,-6.8196106,3.7178516
-2.606429,-2.3296719,2.7854824
4.8349195,8.695668,-0.25063896
1.3383455,1.3636932,-0.03935814
5.9422092,9.436727,-4.501006
0.47335005,1.6770773,1.474122
5.2629642,12.030729,-13.696053
0.9763937,9.098647,-2.556638
-0.599407,5.3757057,-6.916517
-0.2610374,2.9868941,-2.577098
-4.057546,3.6017275,-2.5181508
-0.29533124,1.439362,-2.6305895
-1.3642776,-2.3088737,-2.8756976
-1.3787932,-0.46483612,-1.3577757
0.16719055,1.6577058,1.5811539
0.8486295,1.6278787,-2.3345814
1.7076625,-1.4711119,2.728857
-0.31220508,0.21076989,2.149461
2.0036206,-0.9576294,2.0422003
1.3727224,-0.6282056,-0.32794476
2.9425359,0.97241163,0.40916014
0.21456012,2.0841475,1.153655
7.4723864,12.305044,-12.96339
1.5292773,-1.0472918,-0.79754734
0.3106594,7.424817,-4.497446
5.3136024,3.800331,-13.972139
-17.234632,-22.469019,26.488953
-5.4725523,-3.7782636,10.278278
-47.630825,11.516548,-18.252647
-11.589069,-2.2092807,25.18978
19.097727,13.856853,-16.975986
53.862503,-59.038074,13.874176
10.156107,14.212332,8.694067
3.9624376,-1.2225418,5.093789
10.968147,8.910834,2.29315
2.3568592,17.694628,-0.6806536
-6.543789,-7.8796167,7.762129
1.8308067,-2.8058128,1.2657518
-2.7402172,-6.699045,7.5383644
-5.5859947,-1.6610456,5.039074
-3.0218797,3.2288723,-1.7365456
0.978879,1.2390425,0.81163406
-3.5765862,1.0488791,-6.5627937
-2.0484457,-0.48712778,-2.1944218
-3.7488773,2.893787,-6.8946214
-0.8639276,1.4934683,-3.3445525
-2.3380303,0.38887274,-5.626471
-1.5484372,0.123230934,-3.184159
1.2017059,0.8113018,-4.3470216
-0.8857807,0.295519,-2.1078868
11.099951,-1.2987206,-3.4881232
0.5932722,0.91869277,-0.6556734
0.04565525,2.3838062,3.04181
3.882928,1.5057163,-1.3093559
-1.4835548,-1.7362349,3.41105
-1.1042366,-1.9754015,1.9333086
-0.5488863,0.6633626,1.860959
-0.19039822,0.49656975,1.3350492
-1.603579,-0.31809545,-1.0057676
-0.49918365,0.925716,-0.28360367
-0.2673788,0.37947005,-0.5890951
-0.54500103,-0.9906319,0.07653713
-0.36259127,0.1689151,-1.1507986
-0.18915462,0.47891968,-0.7503016
0.21144772,1.5154847,-0.1844616
-0.07459688,0.30796134,0.3140502
0.65404606,-0.09250739,-1.4569446
0.0830183,0.26257598,-0.5723567
0.5557232,2.2351067,1.2165465
0.35106564,0.9983628,-0.082556725
-0.3330717,-1.0480983,1.8594604
0.24192333,0.12447512,0.523509
-0.8074465,1.2978337,1.7708006
0.091552734,-0.4641708,0.90653324
-5.5403905,0.7785976,-2.0630176
-0.74022865,0.8875041,0.49389887
-7.565181,-2.036889,-5.004012
-3.1960373,0.2731166,-1.4864042
-5.2923846,-1.3391072,-2.9034352
-3.1205082,-1.4822026,-2.1830437
0.74873734,2.541945,-1.1274652
-1.6844006,1.0874791,-0.16535687
3.0331154,-1.5426875,-3.1060505
1.2516639,-0.061817527,-1.0976124
3.4825711,1.9248314,-2.9488082
0.040736675,0.1071918,-1.0965757
7.2661376,1.8307352,0.32022858
1.8278515,0.1542306,-0.40490484
6.5558214,1.2034883,-3.334444
3.8417673,1.9301748,-0.7733717
-2.4936275,-5.161995,11.132052
-0.28121758,-3.542714,1.450447
-1.4716992,-2.435889,10.675177
-1.4077039,-3.880387,5.7579794
-8.324871,0.19959044,-1.6993575
0.5346204,3.7056332,1.2981853
-10.799118,-3.4403672,4.6094637
-4.7279234,-1.5582738,-0.89598846
-9.636167,-4.0971165,5.921941
-2.9049025,-3.2411995,3.7302828
-9.093075,1.6613536,-0.33549595
-3.7663002,-1.6151752,0.18827534
-10.883993,4.4672055,-4.2526574
-3.7617397,2.0637536,-0.1428585
-0.061576843,-2.9757366,-3.7643256
-3.1683426,1.0068779,-3.4434638
8.26771,-4.073516,-3.2335153
2.847334,-2.6039858,-1.0183
6.7041645,2.6851501,-1.0807531
3.3636322,-0.19686508,-0.73765063
6.682173,0.54514885,0.31396818
2.2432442,1.6881161,-0.47939682
6.0417376,3.3190684,-1.7042615
2.9519358,-0.2600379,0.39099598
4.3025947,3.857367,-3.016603
2.235747,3.1536481,-1.072544
0.35214663,1.1418655,-1.0832912
0.97926044,0.006021142,-0.9016977
-0.24361324,1.2082326,-0.71958935
0.39877605,1.2130361,-0.6152984
-1.1468277,-0.639492,0.37235352
-0.64662933,0.31549788,-0.005327642
-0.86893225,-0.51059586,0.39805
-0.17457628,-1.0285698,0.27467173
-0.6817403,-0.20166257,1.8475174
-0.5772848,-0.39568233,0.52352685
0.013610363,-0.064765155,1.4812094
0.0776639,0.22057176,0.6169996
-0.143363,-0.8686126,2.6887164
-0.17143154,-0.88382196,0.5118022
-0.026972294,-0.697423,1.6652417
0.07620716,-0.44022143,0.8052659
-0.2959919,0.99771976,0.85707045
-0.11128807,-0.0050207376,0.97756624
-1.3583479,0.565266,0.68846655
-0.20432949,0.39088374,0.16480684
-1.7641916,0.7144492,-0.68978167
-0.8073025,0.015948206,0.21589184
-2.2481594,-0.38205916,-0.3230486
-0.82284164,0.24121776,-0.33086586
-0.40403557,-0.73741287,-0.36958027
-0.4424572,-0.33863512,0.020893574
0.86297894,-0.47568333,-1.0914087
-0.083592415,-0.31056648,-0.19591045
1.8143606,-1.1855569,-0.7949934
0.6172285,-0.2270521,-0.76009107
-0.44773293,-0.79040694,-0.9645324
0.6772604,-0.2668233,-0.105516195
-3.786478,-0.992074,-1.1631169
-0.87726593,-0.3545184,-0.341403
-2.5641518,-0.035355568,-0.4253571
-2.1727638,-0.5405412,0.39278483
1.7690115,0.7496402,-1.3345368
-0.24536037,0.29742718,-0.7269236
3.2170696,0.034059763,0.05574727
1.2085037,0.15970421,-0.099163175
2.5233164,-0.2701354,0.3548503
1.241044,-0.2111938,0.00492239
1.7933202,0.62331927,-0.34161472
0.8765092,0.02657795,0.1077441
1.1447678,1.0988059,0.26202464
0.591681,0.13322413,-0.24908698
0.924171,1.6175525,0.082686186
0.4765482,0.73950183,0.31800508
0.4505582,0.94982314,-0.40632772
0.09988594,0.6385326,-0.19569361
0.04860401,0.37495053,1.1373622
0.19046497,9.3120337E-4,-0.15775132
-0.39141893,0.34229636,0.80615425
-0.10494089,0.3355236,0.6722324
-2.531083,-0.0013176203,-0.8231838
0.038043022,0.32553422,-0.022714615
-2.9881334,-1.253462,1.0841141
-2.2387838,-0.8068125,-0.4247384
-2.1575937,-1.8065474,1.7415957
-0.23470592,-0.29044712,1.0272803
-5.359996,-1.7243044,0.80762386
-2.183113,-1.2491226,0.5398636
1.9018259,-0.83774567,-1.1975026
-1.1655407,0.07369375,0.10547066
4.7304554,-1.4437537,0.10121155
2.2797337,-0.3034253,-1.1426687
3.0158358,-2.445125,0.8515463
1.4673834,-0.49381018,0.80088186
2.512786,-2.980689,-0.25970936
1.3553553,-1.7023153,0.072823524
0.5916152,0.6174884,-0.82526517
0.7218671,-0.42611504,-0.24316406
-1.1315856,1.4986134,-0.24909496
-0.39477253,0.64652586,-0.15022707
-0.35072136,0.7294283,-0.31219816
-0.43744946,0.60933733,-0.098675966
-0.2784357,0.82208157,-0.65768075
-0.038760185,0.037332535,-0.16042662
-0.11674309,1.1118178,-1.277939
-0.28004265,0.54760885,-0.27085376
1.0389433,0.7703171,-1.4650662
0.16386557,0.3826778,-0.55763465
1.7444239,0.58814645,-2.7533863
0.56480694,0.20939422,-0.7340013
1.533678,0.80668736,-3.125218
0.9263916,0.28490424,-1.7181985
-3.896716,0.7094462,-1.2513442
0.5967283,0.28396153,-1.211514
-7.581401,-1.7320938,0.44586563
-3.7212658,-0.30715275,-0.04255581
1.6145992,-0.45400238,1.186337
-0.9954071,-0.6399236,1.0948269
2.0459766,1.1503193,-0.9557154
1.4457979,0.34393835,-0.44770288
0.60506153,1.0123141,0.29880476
0.3795786,0.35827827,-0.066189766
-0.26119328,1.2237537,0.18594956
-0.1043396,0.2377075,0.38256168
0.69017315,1.7211969,1.2055848
-0.29378796,1.6439964,-0.9844291
-1.072155,4.862961,0.48547196
0.39255142,0.4844191,0.3765905
-2.8639107,-2.5354328,1.6399978
-0.73425007,1.6993258,3.1672223
-1.997612,-1.4544991,3.6926205
-0.34224224,-2.0862255,-3.7796698
-1.1828451,-6.6445656,-1.534858
-0.8152466,3.1729505,0.539254
0.97222424,-3.753703,-2.4175947
-0.07803154,-1.9595385,-2.4344559
0.24732399,4.4337525,-1.2669168
0.35595226,-1.881849,0.46863437
0.27990627,0.5163772,-0.8891306
-0.7187815,0.39024067,-1.2631707
1.0446882,0.43056417,0.80507135
0.6931162,0.6233908,0.925899
0.32101154,0.15840077,0.06393576
0.26367474,0.15807116,0.062371254
0.010926247,-0.7952237,0.43371582
-0.046637535,-0.53958917,-0.13307524
1.0182381,-2.1825519,2.1611676
0.44174862,-0.728755,-0.06793022
2.5213938,1.7477546,4.8537207
-0.076423645,-0.33557963,1.5112683
4.8023167,-1.7685122,5.0277777
1.0431991,-1.1747518,0.73087287
8.5221615,-4.554982,4.886881
1.4166017,-3.3764086,13.076757
2.1631021,-6.1555786,-0.7924328
3.1863575,0.009140015,-1.1721697
-1.9783932,-4.842312,1.0533161
-0.90914834,-2.0417995,-1.4021282
-1.1503341,-4.8279514,-0.79316616
0.062108755,-1.3154984,0.3198099
-2.7490168,-4.859581,1.9300356
-0.5427332,-1.7280045,1.3424835
-5.255271,-9.15657,-4.2438507E-4
-1.7636633,-2.8032913,1.141283
-2.996605,-0.69086075,-0.9244509
-2.6364708,-3.9878654,1.8753366
3.0413027,9.122278,-2.6826048
0.13986492,2.91465,-0.7852354
2.6285162,15.449118,-9.734593
2.1020975,7.6548905,-3.8321078
1.0542073,8.984213,-5.2888165
0.54598,3.8973584,-2.9466076
0.19619799,6.8720593,-8.782662
-0.11806774,4.8348203,-5.2746067
0.48219013,1.9511976,-5.769184
-0.6812568,2.840815,-2.7116117
1.9298503,0.56011224,-0.56629467
1.097198,-0.4352541,-2.4723911
-0.33362055,-1.5718145,6.0162916
0.6169834,1.3966684,0.78584766
-0.3452263,-3.30154,4.26318
-0.14586282,-1.1905476,2.6288369
1.3899039,1.2622036,0.95615053
-0.39145517,-1.3205394,-0.07606125
3.6276927,-0.22456814,-1.300559
1.0391974,-0.7643007,-2.539328
6.1935854,10.886562,-8.525068
7.3180757,13.858105,-15.792866
3.1344252,6.6718845,-1.9173508
-1.489119,-3.9691133,5.1625423
-17.224415,-16.041233,18.242315
-26.492085,-17.999853,21.863274
-24.620977,36.137352,-17.557339
-21.24915,-55.783455,19.488764
27.801462,-3.4114819,-8.830606
14.656343,37.08309,-11.328719
11.005819,-14.255332,17.618671
9.1077175,-1.9538326,15.215466
9.667324,6.9856014,4.689006
21.341427,9.381771,-2.100027
14.207073,1.1147995,-3.7772923
-1.2213078,-4.7108316,3.2075663
-0.9609146,-20.688354,7.0971394
4.587137,-2.5313778,1.6384811
2.3213196,7.806561,0.53531265
-3.650589,5.961542,2.2886086
-4.2379484,-4.2138085,4.328558
-5.49186,-2.3627977,2.4316387
-5.4362817,1.2857695,-3.812891
-5.697975,1.9874318,-7.3405104
-6.4906325,1.3056667,-8.167028
-4.9737797,-0.01632595,-7.0901628
-1.2019694,0.5365784,-7.5992184
-0.43828598,1.583032,-6.377402
-0.9072094,2.844226,-3.6540284
-0.7491658,1.9582107,-1.8022771
1.3439579,-0.8260615,-0.47312093
5.982576,-0.48730755,0.061887503
10.069862,1.6448563,0.09630275
12.411446,-0.07505673,-0.56813693
3.380169,0.97706515,2.4450784
-4.5557795,0.23612025,4.938951
-3.3386106,-5.2486696,2.940279
-1.5896835,-2.0337186,1.6412091
-1.0725594,1.9376793,-0.2551365
-1.5429878,3.1232982,-0.19699764
-2.1122131,1.56987,1.5762949
-2.075057,-0.43103808,1.6523905
-1.50425,-0.86579573,0.81696033
-0.26246405,-0.1986183,-0.31377506
0.8065586,-0.77220964,-1.530843
0.9927387,-0.98454666,-1.9925824
0.57712555,-0.14743876,-1.9724445
0.46589375,0.69936514,-0.7153373
0.41309357,0.24686384,0.18268085
0.049859047,-0.01209116,0.4892621
-0.85528517,0.40291512,0.47861505
-0.5443177,0.66545445,1.4892409
0.109791756,0.0029790401,1.0986814
0.4855175,0.263928,0.48403883
0.86388683,1.81306,0.6805992
-0.7296376,1.9341645,1.2630196
-2.8174996,-0.31281132,0.40074396
-5.546582,-2.0312848,-0.30280972
-8.279989,-2.6193233,-2.3328738
-10.282198,-3.01712,-4.618909
-8.152735,2.0346072,-7.070298
-2.7553625,4.9995623,-4.462167
3.7466803,3.6716647,-0.80558443
4.3362226,-0.38220596,1.6801963
4.3212614,-1.6543179,-0.047842503
4.923071,-0.14245474,-0.6465993
7.045844,2.9059863,-3.7649393
10.132841,6.0981426,-5.6855955
7.0994663,5.076545,-4.7696114
-3.677073,-2.3331409,0.719944
-7.9798927,-8.230686,7.9919653
-5.5039945,-7.9276934,12.783965
-1.9534923,-5.378649,11.575758
-2.0730743,-0.14025259,3.778493
-6.559535,9.047278,-10.903486
-18.403957,-8.2593,-0.44301844
-14.564234,-11.425835,13.729253
-4.4300423,-12.888535,11.002412
0.34580612,2.462038,-0.27820206
-0.6658802,3.5600195,-4.111435
-3.6025982,4.3470025,-1.7992859
-6.1348534,2.0879555,1.1254377
-5.6945686,0.012394905,3.8277626
-3.0040245,-7.0022907,9.973307
9.23402,-3.90839,-4.0381813
9.68993,2.3100185,-7.616474
10.590029,1.4447012,-4.7872024
8.172001,2.5473032,-3.8253584
2.0444517,6.2394,-1.682085
-0.09053135,5.617443,-1.9024377
0.91506386,3.2641892,-1.4903078
2.2282543,1.2355964,0.67349386
3.9267778,-0.17302799,1.3733935
3.7711473,-1.3748765,1.2773676
2.3032093,-2.2206736,0.276618
0.49338913,-1.4610705,-1.2556548
-1.6915298,0.2248578,-2.3711505
-3.4499655,1.403451,-2.5104594
-4.642785,1.5417693,-1.9376687
-3.8938208,2.2508707,-2.0108495
-2.2974434,2.3415434,-1.3129926
-0.76398087,1.5031848,-0.50627613
-0.45676804,0.93292487,0.48043513
-0.19426537,-0.05874777,0.7686975
0.40584278,-0.829792,0.34946346
1.1852427,-1.0106733,0.10107303
1.2534847,-0.48134375,0.14436579
0.8022299,-0.30806017,0.09239411
1.4082832,0.19970441,-0.14466238
3.3039312,1.3643681,-0.8173567
3.2851858,1.368125,-0.7943234
3.0142317,1.2985119,-0.56965846
2.7289627,1.1451669,-0.39982414
2.5739725,0.60725915,-0.13330436
2.2633224,0.1817869,0.07251108
1.8315988,-0.4597972,0.32528365
1.4388416,-0.65282583,0.338426
1.0986042,-1.0062076,0.4924047
0.6724609,-1.2921312,0.87136006
0.09173912,-1.658997,0.99437284
-0.44387782,-2.056214,1.016406
-1.0088546,-2.7164888,0.9600222
-1.0578527,-2.4388094,1.041923
-0.9084015,-1.7983427,0.767962
-1.1069522,-2.9268627,0.3367343
-0.4142499,-1.3031807,0.37793303
-1.1201377,-1.7181664,0.26639318
-0.47018957,-0.35340214,-0.18959618
-0.8893204,-1.6098347,-0.5565119
-0.7545719,-1.7029696,0.23529577
-0.473732,1.6145897,-2.1861515
-0.0135855675,-0.16031551,-0.71726847
-1.4980798,0.48120022,0.03741002
-0.26770926,1.05266,-0.513891
0.11673689,1.0353222,-0.76865697
-0.5719147,0.0037221909,0.3768673
2.0703142,3.6768122,-1.6389236
0.35965967,0.46537971,-1.016733
1.9417486,1.082375,1.9710376
0.7539189,2.9298618,-0.74889934
0.22814822,-1.3810024,3.3100553
0.873852,-0.28778124,2.323762
1.6088835,-6.9477043,-4.612835
-0.30034137,-0.79661846,-1.8137237
-6.6201715,-35.89039,2.3466268
19.778656,9.580566,39.31261
-5.7138057,-5.3422165,-14.700899
-3.296748,-4.5360603,-9.632289
-5.119334,-7.99794,-4.5940685
-2.0995765,-4.7969017,0.03550148
-3.3923993,-3.0638885,0.4578905
-3.254465,-4.6791725,-2.9109669
-0.07709122,3.9082947,-0.5360565
-1.2644434,-3.758091,-0.34767294
3.496488,19.989225,0.81178474
0.7713518,3.7403393,-0.63273954
3.4892907,16.483215,-3.1431537
2.5212164,9.119633,2.5116992
1.3714768,11.07393,-11.622297
0.23418379,4.8517056,-2.4031682
-0.22400093,5.9766016,-6.635954
-0.06981087,3.6671994,-2.938436
-4.054679,4.092285,-2.0047145
0.3561945,2.0260668,-4.2924337
-0.1030097,-2.7592864,-2.803853
-2.3490372,0.4757955,1.0050268
0.44109106,-0.017271638,4.161353
0.91053724,-1.2813215,-0.9560013
1.7166374,-0.42471516,2.2336197
0.22830749,0.38093752,2.6936557
2.9486735,-3.7524102,1.2581239
0.2460692,-1.0040947,-0.55853844
4.1598234,3.181973,-2.665092
1.7475107,0.86579394,2.0392556
7.7179766,16.73508,-19.10803
2.0404143,-0.6453419,0.8121729
-1.1473298,4.0873146,1.4207764
4.5950108,7.6234016,-10.665615
-26.719715,-29.99899,25.318367
-6.0206347,-0.6188152,12.849574
-43.867405,-13.052751,4.0359817
50.224834,-41.074265,-10.754016
-1.9296179,57.479656,-9.694322
4.673551,4.677861,11.280586
1.8725016,2.659792,14.418269
0.7448435,1.8003335,6.334731
0.38016582,-3.1933582,8.263427
2.1372156,-6.50884,7.660578
4.8307915,-4.639135,4.311306
17.006424,-4.387946,-3.365322
16.742054,1.6399498,-6.7874494
3.4579926,0.92851734,-4.4267106
-6.865698,-3.7283363,-1.9688835
0.8188,-6.7286425,2.6058798
1.8126869,-2.4446,3.8007107
-2.1113167,2.5986853,3.102065
-3.8013735,1.6432395,2.109436
-3.8747635,-1.4045858,-0.63121223
-4.902398,1.0669913,-3.02419
-3.7289991,1.2344995,-4.181817
-2.738986,1.3800111,-4.5411596
-2.86999,1.7305629,-4.587263
-3.0227854,1.8997536,-3.7893338
-2.0510368,1.7935153,-4.492232
-0.61087537,0.89502215,-3.975212
1.078505,-0.12744188,-2.7234135
2.1045465,1.0768478,-1.3966875
2.3796725,0.4792589,-0.55371165
2.6415615,0.5886668,-0.5750251
2.655942,-0.8414233,-0.62544084
1.3764896,-0.3577006,1.0645864
-0.27286053,0.6092336,2.3469336
-0.5071373,1.255653,2.3800392
-0.2203722,0.4113518,2.185174
0.1317091,0.5038346,1.6651299
0.2834921,-0.25828338,0.91858387
0.31474495,-0.5131309,0.4714396
0.18458176,-0.38050175,0.06881356
0.30507183,-0.013677716,-0.072413206
0.031290054,-0.027141213,-0.24554205
-0.2603836,-0.25027823,-0.45441103
-0.31987476,-0.2567122,-0.19428873
-0.3533516,-0.04630971,-0.20862055
-0.36711597,0.20939898,-0.012466192
-0.48625088,0.31942236,0.10234618
-0.8628249,0.6687138,-0.22869778
-1.0823803,-0.35195827,-0.09733367
-3.9519024,-2.7412722,-1.5424848
-4.4215946,-0.5147922,-1.7334151
-2.8298206,-0.32946658,-1.1093857
-3.3924077,1.2019119,-1.5435722
-4.2121496,1.4158494,-2.3470268
-1.3550231,2.6100492,-2.3693724
0.5470879,2.4994001,-0.2920997
2.3191278,1.7329252,1.2671984
2.9031415,1.2193971,0.28849626
2.5981064,-0.16960502,-2.1490388
3.1766896,1.2046247,-3.6891413
4.503132,2.5300279,-3.6129303
1.3757648,3.5682893,-3.095275
-3.2214482,3.3271942,-2.0468645
-9.1975975,-0.24411201,-0.7936106
-13.466698,-5.8517513,2.5704575
-15.832703,-13.692741,9.891873
-8.74621,-10.733879,9.747804
-8.513521,-9.206425,7.582412
-6.934973,-5.473797,7.4867487
-6.1346283,5.2997713,4.9646683
-4.866989,3.1114445,1.5225163
-3.7185974,1.776803,-2.2004929
-5.706501,-0.45642567,-2.799634
-5.2258224,-2.9491024,0.26456547
-0.2431755,-4.6057053,2.6470337
7.433796,-3.7781544,0.16181183
12.78529,-3.7894173,-2.141244
15.099341,-1.352623,-2.297432
11.594265,5.327833,-2.2533555
5.8282814,8.175232,-2.2190185
3.9798632,4.3296313,-1.2225065
3.0742197,2.1687746,-0.420784
2.8470345,-0.48597336,-0.89447546
2.465664,-1.2533808,-1.476515
1.3175359,-0.8542614,-1.418447
0.3896656,0.018687248,-1.3966062
-0.8676529,1.691349,-0.77890635
-2.4354162,2.2301474,-0.45712805
-3.755968,2.1919065,-0.10562253
-2.846651,2.7006686,-0.021629572
-2.8025227,1.8494787,-0.21610498
-3.0929966,1.0227761,0.086939335
-2.4882374,-0.024227142,0.35750222
-0.8508434,0.24651623,0.30081892
0.6353226,0.03518772,0.16494274
0.81266403,-0.026513577,0.4641192
0.22130966,-0.08745384,-0.044664383
-1.407505,0.13096857,0.48166704
-2.724228,0.5496359,-0.32150364
-2.4529552,2.1047058,-1.2599773
-0.57850075,2.359855,-1.5372875
1.463911,2.023624,-1.1585451
2.9794464,-0.35515594,-1.7558444
2.3757267,0.6016686,1.4750218
3.3224382,0.066351786,0.64521766
3.2970295,0.8729659,0.2581781
3.2639132,-0.44801578,0.21579969
3.1339269,-0.7678689,-0.33689785
2.6492743,-0.4807101,-0.3090843
2.3130474,-0.38120437,-0.02313304
2.08254,0.6248371,-0.005611539
2.296636,0.73393476,0.141976
2.1409903,0.8374677,-0.037847638
1.8084682,0.29234535,-0.103901386
1.6109773,0.06758249,0.2905265
1.5244226,0.37729186,0.3636824
1.3847518,0.20009494,0.44880962
1.0777773,0.1418513,0.2428019
0.21783245,-0.18962413,0.9904907
0.065862894,0.1789692,0.5159278
-0.584554,-0.9979016,0.19688463
-0.31435525,-1.2990737,-0.111498594
-1.969449,-0.6781783,1.1314881
-0.5617235,-0.09693056,0.39624262
-3.0869775,-1.0089903,0.52327776
-0.67934895,-0.33469915,0.10045719
-4.360508,-2.0836,1.4127069
-1.4990063,-0.72518516,0.5685611
-4.278302,-0.21282268,-0.49726772
-1.6210747,-0.49169755,0.774271
-10.916157,-0.58896613,1.1911926
-1.7842197,0.28194618,-1.3797774
-2.1853905,-2.478076,3.8471193
-5.4546204,-0.838212,2.7655497
5.957138,-1.4634905,-3.058291
1.7087364,-1.2492199,-0.21049643
3.9114723,-1.4062872,-2.1006446
2.2643042,-0.8693781,-1.064004
2.635147,1.0233879,-1.8884063
1.0781755,-0.19698477,-0.9894626
2.401599,1.7126775,-0.47389793
1.1202412,0.6624756,-0.43200707
0.8916359,1.0016575,-0.5553613
0.9062185,0.7268691,-0.13324928
-0.77762794,0.102044106,-1.3340951
0.021764755,-0.16300249,0.042568207
-0.50551605,0.3507676,-1.8406167
-0.9134617,-0.07277298,-0.93436074
-0.34098148,1.1194973,-0.87073845
-0.45266914,0.47437668,-0.5971121
-1.6641731,0.484411,-0.42965275
-0.8842602,0.2992971,-0.23973513
-0.74673843,0.32792377,-1.1754675
-0.3476677,0.06583619,-0.14091587
-0.72816277,0.18617034,-0.42728972
-0.6284466,0.14672995,-0.6979096
-0.2428484,0.3191538,1.1821612
0.10966396,0.4065206,0.40722132
-0.19490147,-0.3266933,0.18400723
-0.62579536,-0.07730675,0.44414216
-0.7115631,-0.1812532,-0.49568415
-0.53354836,-0.077694654,-0.14102471
-0.32461548,-0.026739836,-0.5361519
-0.019282341,-0.052356005,-0.16998851
0.20677567,0.021654606,-0.29113495
0.14459515,0.22225022,-0.2644732
0.42504692,0.11006236,-0.09111607
1.0458355,0.22826576,0.06273651
2.7701035,0.4188373,-0.4455843
1.0358362,0.13015008,0.31701577
1.3999672,0.2212019,-0.39929962
1.5640574,0.3377025,-0.30918193
1.3426971,0.17475796,1.4370759
0.8240833,0.0015203953,0.9396484
0.87217903,-0.12314248,0.58145523
0.77731085,0.31498718,0.32922727
0.20328045,0.50345266,0.55393827
0.4503479,0.3865657,1.3474438
1.2765489,0.16312611,1.3143895
0.8169913,0.104400754,0.6083014
1.3181324,0.32270873,0.62222075
1.6832991,0.68001103,1.311466
1.2673151,0.77843976,0.35819936
0.405025,0.4507005,-0.22890711
-0.29700518,0.0065070987,0.11858559
-0.6620283,0.094569564,1.2143853
-0.29651833,0.62747157,1.4177036
-0.6509905,0.6268283,0.92571783
-0.9636612,0.50689805,1.4122338
-0.7423911,0.11142659,-0.43385887
-0.9118328,-0.1799824,1.9931827
-0.62647724,0.03037873,1.6633058
-0.5449805,0.28299612,0.6768465
-0.5893574,0.26999027,-0.3528824
-0.6300163,-0.055517316,-1.1636057
-1.0375776,-0.36803785,-1.3913331
-1.6799574,-0.6967633,-0.9640031
-1.6773624,-1.084893,-0.36566687
-1.4948912,-1.0881299,0.1291256
-1.3765764,-1.1760095,0.3722434
-1.6823969,-1.3946753,0.32864094
-2.3408728,-1.2588091,0.30226755
-2.169302,-1.1013694,0.10151386
-0.8535843,-0.77382946,0.020532608
0.82663727,-0.46000862,-0.22436428
1.8897209,-0.07375574,-0.6829591
1.7319326,0.3036909,-1.6092951
1.1069059,0.34605885,-0.6330862
0.96124744,0.5325327,-0.80203795
1.0748844,0.7790556,-0.8366177
1.1476126,0.7927952,-0.78519845
1.2002878,0.73723245,-0.6113198
1.2661781,0.7445761,-0.43721318
1.1811686,0.6711296,-0.38401222
1.128293,0.35903764,-0.31778538
0.8354964,0.09800732,-0.33669162
0.10107994,-0.3004279,0.05573249
0.23783922,-0.1830802,0.26397967
0.233428,-0.587584,-0.34283757
-0.12335348,-0.115564585,-0.4216782
0.20146275,-1.0959983,0.58361125
0.29135847,-0.46240187,0.3581884
-0.3528967,-0.8812716,-0.51698434
-0.17682076,-0.343364,-0.08570373
-0.3629284,-1.4425197,1.1035602
-0.003962517,-0.5340109,0.14852524
-0.61391926,-0.6558857,0.26360798
-0.29177666,-0.4948492,0.2882278
-0.01665306,-0.69364595,0.6318941
-0.10412693,-0.09457111,0.05505061
0.29344654,-0.47271156,-0.14404535
-0.0803442,-0.5078616,0.49467754
2.0830584,-0.47979307,0.74257016
0.37547684,-0.10940218,-0.10089564
0.6708784,-0.16655159,-0.74337745
0.91663074,-0.05755949,0.17699361
-0.73725414,0.43204212,-0.5992384
-0.20522404,0.17231178,-0.5965009
0.5352025,0.38455963,-0.84451187
-0.1953044,0.2629733,-0.077736616
1.6907678,-0.21783352,-0.29798222
0.46917534,0.03679943,-0.2887752
1.9474831,1.4960818,-0.528049
0.8771076,0.07642603,0.026733518
0.35908675,0.8947363,-0.8133912
0.52707934,0.25391483,-0.021044135
-0.63107586,0.6283212,-1.279139
0.16305852,0.84802127,-0.51985264
-2.3059335,-0.010422707,-0.6943259
-0.32964516,-0.12618876,-0.20073463
-2.4833574,-0.8515024,-1.161233
-1.526525,0.04803419,-0.4566511
-1.7814274,-1.5919523,-0.59564996
-0.17783642,-0.5131941,-0.23871315
-2.8841944,-3.1539855,-1.0598915
-1.3724079,-0.95820713,0.17668653
-0.07082462,-2.812087,0.12840211
-0.665905,-1.8165903,-1.7780218
2.9739718,3.7499013,0.9046074
0.28064728,2.0352526,2.5081007
1.0392275,1.5385346,0.77468383
-0.32475376,-3.8175325,0.4651519
5.159767,6.8301926,-0.2585237
-1.4156675,-6.907857,0.7202079
4.7251353,-0.03255272,-3.991899
2.808034,-3.355094,-2.3219075
-1.2168708,2.9414725,4.3719206
1.2024527,0.025407791,1.5951822
-2.2766213,0.1005373,-1.426149
-1.7573662,0.6037092,0.9321406
0.27579784,-0.20049286,-0.5281303
0.3297391,0.09080219,-1.5117368
-0.5275302,0.929986,-0.09563911
-0.21810055,0.07574558,0.5930786
0.07187176,0.19251251,-0.5888363
0.18543625,0.5445876,-0.19910955
0.64578676,0.17845201,-0.4246943
-0.33751774,-0.4021721,-0.3223698
0.67578053,0.8734393,0.47401989
0.9090414,0.63561535,-0.22067022
-0.93824434,-0.808311,0.30773187
0.14881301,0.7943201,0.07283282
-1.6975379,-0.8768239,0.46799254
-0.7523856,-0.75883293,-0.022265553
-2.73246,1.2136555,1.3709394
-0.21188831,0.17148542,-0.09866691
-0.15399599,3.5941763,0.85316205
-1.086884,-0.08090401,0.939822
-0.16696644,2.810537,-1.0901611
0.5811391,5.087036,-0.29624343
-0.2992139,-4.119204,-2.9737654
-0.60214996,-1.0044031,-0.7218149
0.7010169,-0.71943235,-2.5213585
0.42566633,-2.2179728,-1.3240671
-2.874895,0.6797333,1.4816768
0.41253185,-0.047641754,-1.9247689
-2.308693,-5.6723785,3.8216374
-2.852027,-1.4498749,2.1822944
2.5800347,-0.54331493,0.94924
0.55716896,-2.070015,0.7959852
-0.33600616,4.001428,0.49104306
0.9939318,0.5061145,0.5962088
1.40839,8.369964,1.3193345
0.0294981,4.3899026,0.7432431
0.78655624,1.7599196,0.70398664
0.6075916,3.1428413,0.32337153
-0.72817993,-2.7432747,1.2688341
-0.20401382,-1.4446411,0.706326
-0.6438856,-0.8402945,0.2390604
-0.34926414,-0.76763177,0.24800062
0.017040253,0.88930804,-0.3484671
-0.165308,-0.01924187,-0.18777633
0.35542202,1.2533561,0.028455257
0.17077541,0.6734356,-0.03388667
0.33760738,-0.13901272,-0.734202
0.09654999,0.35386342,-0.21093237
-0.15426064,-0.5595917,0.39057875
0.43450975,-0.1359568,-0.2541529
-1.462594,-0.6386364,-0.30056393
-0.40129185,-0.38727534,0.14474261
-2.5246143,-0.33979356,0.12328124
-0.75307465,0.053747356,-0.3087691
-2.0249825,0.30254886,0.40304518
-0.9251747,-0.06992245,0.034234762
-0.6763878,-0.46000075,0.13223505
-0.9722538,0.03963858,0.40181422
0.45189285,-0.49560952,-0.5411614
-0.36201096,-0.37694943,-0.22222781
1.76795,0.13876009,0.1657641
0.7606745,0.21598655,-0.14980328
1.5854845,-0.3000034,0.11864638
0.74962425,0.0071953535,0.2506144
1.2550983,-0.9071069,-0.046465635
0.47535324,-0.20973456,-0.10635257
1.0075483,-1.2972376,-0.26726317
0.49926376,-0.39046478,0.12161875
-0.11104393,-1.1708033,0.60187864
0.29974556,-0.4290657,-0.4698149
0.024817467,-0.11984086,0.17126346
-0.3074293,-0.2942834,0.27662826
1.3125505,-0.5193157,0.68882656
0.24550438,0.15030909,-0.2563424
0.5156789,-0.38494062,1.326858
0.56907177,-0.4746728,0.53506994
0.86526394,-0.35742092,0.31946015
0.05271101,-0.1751194,0.22743917
-0.08731556,-0.01860714,0.5991187
0.25210762,-0.21570253,0.19802904
-0.45309925,0.3017168,-0.48464465
-0.18119097,0.34326267,0.0560441
-1.079772,0.42195082,-0.33801055
-0.15015602,0.10609388,-0.23011708
-1.3096733,0.8830776,-0.49663687
-0.4443922,0.10854745,-0.16461897
-2.17832,2.421534,-1.7326472
-0.47934914,0.3913715,0.018870592
-0.76800156,0.982912,-2.0534487
-1.5212202,1.2649639,-1.2789645
2.054223,1.3566041,-0.4860306
0.3187151,0.6521739,-0.72018075
0.95633316,0.018996097,1.4529134
1.3000507,0.49482858,0.1162191
-2.1543999,-1.385683,0.7899592
-0.5375891,-0.14214462,0.77525663
-0.7347908,0.02241683,-0.21022105
-0.89164543,-0.53727734,-0.06712079
0.3655758,-0.04965794,0.07349658
0.05775547,0.19346541,-0.11538482
0.49971485,-0.6913599,0.49922967
0.15739441,-0.14980304,0.16168118
0.6370344,-1.2159773,0.48654842
0.19011688,-0.29402208,0.25469637
0.8280611,-1.6607039,-0.002481699
0.3215685,-0.626148,0.06430006
0.67928123,-1.0872006,-0.22853088
0.26005936,-0.78314877,0.1234231
0.6031399,-0.4429884,-0.22287011
0.1025362,-0.32641697,-0.21618688
0.6356344,-0.432621,0.17575955
-0.5799875,-0.06388855,0.09869528
-1.4974251,0.04185486,0.57801414
0.16788101,-0.055955887,-0.14492011
-2.1695385,0.1572566,0.43129396
-1.0789814,0.02556181,0.430789
-1.3003988,0.4699173,0.562243
-0.47676468,0.001950264,-0.015575409
-0.21319199,0.40117502,0.8052094
-0.9546852,0.40844846,0.3421855
1.3426704,-0.01900196,0.6449747
0.25405407,0.064453125,0.41278362
0.4797783,-0.084397316,0.250391
0.77746964,0.0088095665,0.20775127
-1.509718,0.53121305,-1.0560954
-0.031521797,-0.0032565594,0.05653286
-3.0587034,1.3018937,-0.57979965
-1.2327976,0.23561907,-0.35574913
0.8674145,1.6999407,-0.41461873
-0.8239155,0.8979581,-0.078416824
3.1425266,0.023069024,-0.8546388
0.9585352,0.14960563,-0.34777117
3.0865765,-0.085062385,-0.8400861
1.3578978,0.112579584,-0.25877845
2.2695665,-0.2926339,-0.6712736
1.1138868,-0.13365567,-0.3989693
1.5924206,0.10599661,-0.43461818
0.7540636,-0.1819253,-0.14484656
1.0755963,0.7140684,-0.5385979
0.5734606,0.1413523,-0.2006675
0.1678176,0.76773727,-0.5084349
0.3847475,0.27836365,-0.19975068
-1.4239569,0.36049512,0.21692461
-0.272367,0.29660535,0.07141101
-2.0268526,-0.32042485,0.5574876
-0.7562885,-0.07635957,0.21122462
-1.7405014,-0.074918985,0.16276503
-0.5147953,0.08689326,0.22981727
-1.08642,-0.54198104,-0.13332587
-0.8868437,-0.0925079,-0.013310909
-0.7330675,-1.6650441,1.7321613
-0.09222031,-0.23359513,-0.27354145
-3.8299837,-2.8110874,5.1879454
-0.5067148,-0.63915277,1.1536279
-1.0766516,2.5298727,-0.43081474
-1.983841,-0.9060941,1.9399686
3.1356735,3.782527,-2.786808
0.6124468,2.033148,-0.16545963
3.286459,-1.4569055,0.04733467
1.8872814,-0.101918876,-0.12293482
1.7043214,-2.0955112,-0.51844525
0.81035614,-0.14134479,0.2611909
2.1214027,-2.8562427,-1.6010995
0.8964791,-1.6303301,-0.9128468
1.5911865,-0.43049574,-1.0485058
0.75020885,-0.8409319,-0.4212805
0.899981,0.9220753,-0.14090729
0.44727612,0.398592,-0.10243893
-0.15963984,0.707124,0.6806638
0.57816744,0.41731668,-0.22938871
-1.4457355,0.34063268,0.25618315
-0.2817092,0.38808894,0.46275353
-2.1063814,0.45217133,0.14599776
-0.70299053,0.28632522,-0.14559841
-0.92339087,0.41309142,0.18262911
-0.885169,0.38236475,0.20115876
-2.1171856,-0.60877156,1.9092612
0.014867783,-0.11380172,-0.048340797
-3.9192743,-1.6235099,2.6429062
-0.6404743,-0.26064348,1.1245131
-3.5633545,0.26222897,-0.6716304
-2.5916014,-0.90784025,1.5268898
-1.4364452,2.0667782,-2.3233414
-0.51939774,0.591836,-1.2004004
-1.103157,2.551561,-1.3060896
-0.6554527,0.7228194,-0.8175099
2.2589512,1.0142285,-0.23360372
-0.41753578,0.92798287,-0.60306406
4.1902065,-1.5359728,0.7831757
1.5953388,-0.05905223,0.38631058
3.9645438,-0.5694978,-0.9234302
1.7098732,-0.64488745,0.21039176
2.571446,0.32123852,-1.2597322
1.5170126,0.007927299,-0.62695074
1.7079191,0.6777484,-1.1827159
0.7835455,0.1993187,-0.44128662
-0.019509792,0.49991024,-0.37589306
0.57131624,0.26937705,-0.4658181
-0.04194641,0.72709,0.10486847
-0.301126,0.3258993,0.13606882
-1.1795149,0.35567528,-0.15195304
0.35448742,0.37932885,-0.008377194
-0.8074236,-0.19546425,0.4773097
-0.9044199,0.07563269,-0.10670763
0.020296097,-0.44499215,0.61817265
0.23976803,-0.13309836,0.3052255
-1.2409306,-0.52341765,-0.18619585
-0.19660282,-0.16030633,0.17963111
-3.1168556,-1.6747246,-0.33093226
-0.69847107,-0.3148731,-0.5136576
-4.587267,-0.92016244,2.4186535
-1.6150179,-0.6563246,-0.00580287
-4.4337616,0.89925337,1.0964694
-2.0821877,-0.4802251,2.0945911
-0.594038,0.40363812,-3.5505285
-1.8297291,0.93100345,-0.5040766
4.213436,-2.4580102,-3.0592775
0.9559183,-0.6491561,-2.1157634
4.762759,-1.2995906,0.31763887
2.0276623,-1.2102132,-0.4984995
3.5884767,-0.681067,0.3934748
1.8047605,-0.36999416,0.54142654
2.2889404,-0.42680025,-0.053414464
1.2595954,-0.2333126,-0.13531637
0.8842883,0.557065,0.5002643
0.5261054,-0.06026125,0.15621419
-0.53822947,1.2684753,1.5878298
0.5611162,0.32915306,0.112160504
-1.4612446,1.2388239,0.47630703
-0.64559364,0.7667985,0.55613196
-1.8213539,0.47849274,0.36665046
-0.59259033,0.47325468,0.015538812
-0.5140991,-0.7620578,0.46656704
-0.41329956,-1.2952337,0.9161153
-0.45911217,-1.4265423,0.6736543
-0.76424503,-1.292995,0.30549097
-0.73428345,-1.0573597,-0.2657051
-1.0828562,-1.242125,-0.41521764
-2.590002,-1.0401258,0.33338594
-1.9824457,0.25828934,-0.3765645
-0.6313324,1.1704869,-0.92133766
-0.81470776,1.2976708,-0.66473824
-0.71448135,1.6487515,-0.17873394
-0.3254919,1.7738446,0.13077652
0.56242657,0.8563843,0.23386133
0.7430258,-1.0163813,0.9265418
1.181922,-0.6274996,0.66653657
1.966938,-0.33111477,-0.1051209
2.1199865,-0.02497387,-0.41050994
1.9007549,0.19240785,-0.48644054
1.3942289,1.4179252,-0.47680914
0.9919052,0.36044502,-0.33886826
0.28852177,1.7568446,-0.39768565
0.38998127,1.0293788,-0.23153448
0.21281242,1.1399412,-0.3381859
-0.15340137,0.73875606,-0.18272865
0.10868168,0.62756515,0.98936653
0.08794308,0.18252435,0.1857661
0.06394482,0.10762185,0.742532
-0.031092644,0.15468618,0.6008682
-0.82741547,-0.6824683,0.77988625
-0.049939156,-0.1579031,0.2938006
-0.97585106,-0.8840577,0.5082805
-0.394701,-0.1811924,0.20118403
0.8613653,-1.1441292,1.2641845
-0.3818903,-0.40126824,0.65891314
0.35165024,-1.5715156,0.5427556
1.0678153,-0.3070464,0.31978226
-2.0885096,-1.0637853,0.19240236
-0.3207388,-0.94131184,0.28862524
-1.0419025,-0.14122057,-0.97675514
-1.3287659,-0.2328844,0.01077652
2.54361,0.4745958,-1.6479752
0.36989975,0.23325586,-0.852442
2.579606,-0.40080833,0.6542196
1.4609447,-0.0404644,-0.5251894
2.1133347,0.7540381,-1.2738822
0.72276354,-0.45211172,0.30635118
2.0055835,-1.1382394,-0.75089
0.3703289,-2.5089931,-0.088303566
0.75339174,-0.52242756,0.14728022
0.72580457,-0.76799154,0.394588
-0.9865632,0.386487,0.027289867
-0.43679953,0.13702726,-0.09132695
-1.0257769,0.23173285,0.4272864
-0.1048727,0.114598274,-0.10347986
-1.3006115,-0.34956837,-1.5923872
-0.49528742,-0.5010681,0.5913081
-5.097727,0.23553753,-1.7085407
1.5687623,-0.19555378,0.5276959
-6.5440483,0.158319,-3.4500933
-3.7668114,-0.3675561,1.1798314
1.4490767,-0.4313693,3.1040912
1.6337957,0.1361103,3.7089117
-1.6542635,0.71381664,-1.9856592
-0.4933138,0.07223797,-0.9704932
-0.9746046,0.70511675,-1.0287046
-0.046073914,0.5370827,-0.701275
1.11973,0.9857621,-0.49325234
1.9700394,0.89903855,-0.31568152
2.639885,1.2051556,-0.13768
3.0103593,0.80194545,-0.1310193
2.697371,0.42437243,-0.034819067
2.374476,0.37426186,-0.07591426
2.0896764,0.051056147,-0.05931121
1.5626395,0.15832353,-0.1207028
0.88516784,-0.048837185,0.06065625
0.14206314,0.36101055,0.020432532
-0.39941216,0.528311,-0.065069914
-1.0018487,0.56336546,-0.07229051
-1.4441028,0.5183797,0.15293163
-1.6719828,0.5064441,0.37062383
-1.8959727,0.08049023,0.56817377
-2.1327963,-0.77745485,0.85702825
-2.098956,-0.8346746,1.141494
-2.333191,-0.55411124,0.8791883
-2.2624512,-0.37301874,0.50905037
-1.052639,-0.38123465,-0.07566738
0.11390877,-0.80634046,-0.13883233
1.2757483,-1.8767304,0.43978715
1.559639,-1.190381,0.7457473
0.44194794,-0.5764365,0.959949
-0.21361446,-1.289825,0.23895645
-0.09227753,-1.922607,0.6892333
-0.7761688,-1.4311981,1.582665
-0.32359886,-2.0100212,1.2580714
0.559042,-2.6731358,1.401227
1.4763575,0.23673248,0.6592808
1.2268095,1.2930651,1.4010725
0.79282,1.4680586,-0.05639839
1.0437064,1.7654619,-2.144524
1.0372539,2.6223454,-2.0175896
1.1541753,2.7386453,-1.5961833
0.7800436,1.7190223,-1.4735825
0.38430643,2.1176145,-0.8343003
0.6106405,3.1158736,-0.16620278
0.78001165,1.8991573,0.5586438
0.7642937,1.253768,0.44180775
0.9641571,1.0629007,-0.30104494
1.4138513,0.53162456,-0.84389186
1.5300388,0.39080524,0.33791065
1.5630273,1.1556983,1.2704778
1.1060656,1.099735,1.5532017
0.888692,-0.49135518,1.354137
2.3722672,-0.0800271,1.4213362
0.88081884,1.0704184,2.0573401
0.57598233,0.8474903,1.4959745
0.086687535,-1.2488521,0.78427505
0.0999164,-1.655815,0.42532158
0.01951015,-0.20317197,0.34881973
1.7102628,-0.067206144,-0.36515427
1.1114235,0.62506604,-0.55854416
0.31598043,-0.18529212,-0.2685957
-0.51028705,-0.7529548,0.29697895
-0.7540924,-0.7944781,0.33256912
-0.3370515,-0.093215704,-0.089016914
-0.13756621,0.8382634,-0.8522291
-0.016024828,0.7770579,-1.4295568
-0.21864736,0.07440519,-1.0221763
-0.10775626,0.2621398,-0.05813217
0.1378951,0.6412468,0.014893532
0.15107667,0.8654878,-0.5758023
-0.16226792,0.014546394,-0.7040849
-0.2800647,-0.6986079,-0.2269001
-0.08577174,-0.09621525,0.3788271
0.3787439,0.23108935,0.67915154
0.41094792,0.50032353,0.14658642
0.20937657,0.26810932,-0.0563488
0.0022243261,0.17005754,0.42055893
-0.15486991,0.53174853,1.0812712
-0.10371363,0.48588634,1.1532326
-0.22113788,0.0749948,0.9939604
-0.0603168,0.055658102,0.7755728
-0.052393436,0.006507635,0.82274437
-0.3292635,0.3765111,1.3294754
-0.78074014,-0.7305043,1.397892
0.2817937,-1.5876262,0.4487543
0.03171599,-1.2428597,-0.23377705
0.2792551,-0.9409977,-0.30897522
-0.0434587,-0.47812313,0.119439125
-0.45685458,0.5260341,0.27563858
-0.4808585,0.6170707,0.20398903
-0.13919765,0.23097014,-0.6401882
0.29705036,-0.4068675,-1.342885
0.7064936,0.026142716,-1.5964775
0.6452242,0.3706901,-1.3404617
0.325603,0.47168207,-1.1337075
-0.053635478,0.47042823,-1.0887251
-0.2917512,0.4680934,-0.9143691
-0.27712578,0.3440163,-0.48406458
-0.26623333,0.1328299,-0.33431768
-0.12901759,-7.967949E-4,-0.38864422
-0.021279693,-0.107770205,-0.55059385
0.050737202,-0.14558744,-0.618999
-0.04107803,0.20255566,-0.14179897
-0.0523389,0.35488224,0.35361242
-0.12543428,0.32672334,0.50518847
0.03004688,0.2152319,0.50413084
0.022294521,0.7583256,0.4666791
-0.2845279,0.71823645,0.78747463
-0.44258702,-0.3156674,1.2302885
-0.26333594,-0.74292517,1.0754557
0.42905775,-0.40192223,0.53812695
0.30677503,0.04309845,0.28157806
0.31891912,0.2681527,0.05915928
-0.23719102,0.19919872,-0.54287434
-0.84439695,-1.3006064,-0.4485712
-0.6951753,-1.313527,-0.46483135
-0.7697574,-1.1379215,-0.62080574
-0.59071136,-1.2431189,-1.9878321
-1.3081547,-1.7992455,-1.1220484
-0.837219,-1.1515172,-0.71811104
-1.0414758,-0.8764093,-0.25426483
-1.5414815,-0.5363853,-1.3931572
-0.8654976,-1.3929048,-1.9412389
-1.1024776,-2.072854,-1.0631154
-0.989059,-4.458626,0.6649561
-1.1202655,-1.2737303,-0.42638063
-1.3635955,-1.3024559,0.2649498
-0.42067575,-1.5797968,0.7380471
0.33142424,0.67598057,-1.3909134
-0.07749081,-0.023994923,-0.32476997
-0.26717997,0.44126558,0.65635824
-9.10759E-4,-0.051629543,-0.31696177
0.08829069,-0.48813343,0.43610907
-0.42463255,-0.30780792,0.6483917
-1.128314,0.005265236,-0.8690877
-0.9918041,-0.15139198,-0.1899991
-0.57959175,0.057870865,-0.12619638
-1.0528069,0.03856945,-0.46077347
-1.9072895,0.2438016,0.08511257
-2.4434319,0.16982365,0.7731159
-2.2288103,0.9790273,0.051962376
-1.9887886,0.4641552,0.38415003
1.1711769,2.0990314,-0.07745671
0.33430386,0.6002197,-0.23497939
0.6292057,1.1273007,0.03502035
0.8838301,1.9365779,-0.30090022
1.7991438,2.3733041,-2.2305207
1.194356,2.4980474,-0.72727716
0.21582794,1.8944823,-1.1657135
-0.15760136,1.1419834,-0.85944605
1.5095711,-0.0965668,0.2896489
0.05288124,0.68595433,0.024484932
0.9470892,-1.3736873,-0.13909084
1.3339744,-0.65851027,0.17913246
1.5003695,-0.64209616,-0.15350586
1.309598,-0.8231274,0.04425913
0.9591937,-0.7903553,-0.11877394
0.819211,-0.3204205,0.012857437
0.3189683,-1.2929945,0.87243986
-0.24022341,-0.37855577,-0.028505087
-0.567461,-0.6912365,0.56862354
-0.58688927,-0.9863541,0.6228759
-0.28213978,-1.3560395,0.34501052
-0.02887249,-0.008250713,-0.27259052
0.14854097,-0.86489487,0.3189392
0.45975113,-0.8753133,0.16274905
0.703362,-0.7241554,0.9469185
0.69991493,-0.73927116,0.1739223
0.264071,-0.19732094,0.5434158
-0.61246157,1.6695573,1.6379733
-1.0922313,-1.2084646,0.51966333
-0.60249376,-0.5742202,-0.6680002
0.20586729,1.2735806,-1.402056
0.34014654,1.4601855,-2.08484
-0.07803774,1.2379119,-1.3450236
-0.011636734,1.4649382,-0.9190421
0.027794838,2.4529943,-0.6173005
-0.2993946,0.7547387,-0.09014678
-2.0701985,1.2982106,-0.36261946
-2.5323706,2.2328994,-1.2510488
-1.0568352,2.2932665,-0.7577671
-0.07265282,1.1336517,-0.8113487
-0.015851974,0.23060775,-0.19288552
-0.425395,0.1935575,0.39753163
-0.14507389,-1.2291344,-0.3355111
0.45264816,-0.8908417,0.013584018
0.9072075,-0.4659431,-0.21961737
0.2251215,-0.5219178,-0.10531247
-0.8304577,-1.3100955,0.38002837
-0.946743,-1.3441167,-0.118402004
-0.6074467,-1.2586299,-0.36691236
-0.4592514,-1.1732725,0.076230645
-0.83635044,-1.0895305,0.543717
-0.20122528,-0.8566575,0.93637794
0.25428867,-0.89915514,0.594685
0.54734993,-0.9309504,-0.06223321
0.3503046,-0.5958085,-0.039829254
-0.18645859,-0.6096287,0.24572444
-0.012072563,-0.33500004,0.31355712
-0.38773537,-0.18988371,0.33245343
-0.19452,-0.22725344,0.17905985
0.08389759,-0.13778067,-1.5540645
-0.16235828,-0.26286077,0.18832588
-0.044148445,0.053951263,0.37488863
0.006986618,-0.8312144,-0.014431238
-0.015447617,0.6065135,-1.4480555
-0.1631155,-0.088373184,-1.4293463
-0.30818748,-0.38906574,-0.6803415
0.0065546036,0.08350515,-1.170917
-1.6230955,1.104594,2.8928642
0.47358894,-1.1961632,-1.790818
-0.30828762,3.0988889,2.2341063
-1.6207991,1.9924827,3.6409216
-1.3161879,-1.0600197,0.6753175
0.1934681,-0.9695473,-5.7659063
-0.38183594,-1.6318216,1.5395228
-0.37462044,1.0931773,0.844324
1.9851274,-2.2668781,-1.1711996
-0.41810226,-1.613225,0.5130386
1.8822165,-0.3674507,2.8857353
1.1463909,-1.3476105,-0.8499582
4.3790054,0.40626478,-3.7633126
-0.72629833,-0.12306309,5.234538
3.0410466,0.37632942,-0.7993345
2.5591857,-1.31289,-4.982794
1.0142374,-2.0430965,-0.977895
0.94024706,-0.5337753,3.125191
-0.21648407,-1.3238144,-3.3996649
0.25678062,-0.8319187,-2.7825723
0.39571524,0.54017544,-3.5537052
-0.39336777,0.13731956,-0.40191412
-0.4279685,0.61346054,-1.6332207
0.17046404,-0.11763859,-1.3134117
-1.1856871,3.6221247,-0.6674347
-0.2455225,0.39820194,-0.26320457
0.11714554,1.9955301,1.2305288
-0.7126236,1.0518928,-0.0061864853
1.4225073,2.023158,0.34540272
0.838387,0.7769077,0.9994607
-0.65555286,-0.055935383,-1.6066809
0.023278236,1.2957606,-1.4021549
-1.6215868,-0.16363668,-0.077604294
-0.03263378,-0.5889311,0.13420773
-0.9617114,0.16245008,0.46590137
-1.2988958,-0.15345669,-0.9521713
1.8119059,0.7736604,1.2048407
0.15750265,0.03698826,0.30068588
1.4384899,0.20601487,0.84519386
0.85781,0.3494346,0.29116058
1.2140117,0.6220331,1.8166986
0.33107138,0.32761598,0.84856796
0.9734335,1.4630866,0.8296213
0.71340275,-0.18372774,0.35934114
0.8427148,0.32677805,7.0195518
-0.16398335,0.49261147,-0.112015486
-0.67496085,-4.6187,-0.48387575
-1.4203014,-0.7050357,3.6022537
-0.049378872,-2.3405352,-2.0539203
-0.18789577,-2.5337706,-2.0316205
0.19999552,-0.95966434,-1.0673289
0.03605938,-1.4967833,-0.80414104
0.6942203,0.20046806,1.8435423
0.23897433,0.10684776,0.05516672
-0.7756238,0.7640424,0.34329724
-0.7078552,0.2668047,0.03736782
-0.45302725,0.17075491,0.02391529
-0.1964674,0.6517134,0.26200438
0.34620667,0.59943867,0.5430937
0.67972684,0.62880707,0.38741946
0.7874515,0.8253484,-0.12899458
0.5392115,0.82088995,-0.025861979
0.35735393,0.45335197,-0.26631474
0.17047977,0.011268616,-0.581095
-0.018072844,-0.27166414,-0.8055389
-0.34254098,-0.6611328,-0.7086134
-0.551733,-0.35570383,-0.46270657
-0.37149668,-0.43144464,-0.13830638
-0.032431126,-0.37572336,0.05245447
-0.106564045,-0.20368814,-0.15336847
-0.4482088,-0.2774601,-0.41687202
-0.014105797,-0.56524324,-0.35413837
-0.2572589,-0.22997904,-0.42431402
0.6413386,-0.06291008,0.4501474
0.11932182,-0.1260705,0.11034894
0.6479099,0.3897276,-0.10099316
0.26909494,0.096196175,0.29085517
0.35762763,0.18568087,-0.5171733
0.34993267,-0.014472961,-0.11493778
0.05080843,0.45655298,-0.6512337
-0.013451099,-0.028054714,-0.291142
0.037359953,-0.4577217,-0.48512745
0.21084952,-0.23165035,-0.53879213
-0.21135354,-1.0691624,-0.45515156
-0.03566742,-0.20925426,-0.05532503
-0.74759984,-1.5053215,-0.07065058
-0.29458904,-0.9342928,-0.24441385
-0.6911278,0.033355713,-0.6421604
-0.1726389,-0.61761665,0.2019329
-0.9210701,0.46740437,-1.6145077
-0.21713877,0.18268394,-0.6548095
-0.7779331,1.1542773,-1.1622381
-0.38295507,0.21009731,-0.6748791
-0.2389617,1.2055326,0.22849369
-0.17745209,0.6535549,-0.32570934
0.45644236,0.6113434,1.1767354
0.059215546,0.44948673,0.267375
0.48992348,0.4409008,1.562439
0.18637133,0.1595931,0.6797128
0.31387854,0.54497147,0.9330101
0.024669647,0.19555283,0.5680132
0.88766074,0.6246805,0.47232103
0.21567631,0.21438885,0.25631666
0.5318308,0.62600946,0.2896905
0.50892353,0.40830803,0.14249754
0.5478926,0.033006668,0.37926865
0.09016204,0.14830446,0.1799078
-0.014313698,0.14088297,0.17643261
0.29882956,0.19282866,0.12211084
-0.51360226,-0.4420042,0.2390418
-0.08966851,-0.15417004,0.18056774
-1.2203951,-1.6799912,0.075724125
-0.19265366,0.107732296,0.07910919
-1.3690491,-2.123757,0.04143572
-0.47626448,-0.91330814,-0.019450188
-2.004118,-1.2617893,1.0938647
-0.57931423,-0.80601406,-0.04155469
-0.99133873,-0.4438305,0.9019723
-0.9638996,-0.23961449,0.8009763
-1.0321455,0.0979414,-2.1750102
-0.30967999,-0.06296539,0.17092848
1.4980493,1.072144,-2.9383287
-0.5045843,0.1391449,-1.6522193
2.9898753,2.1591754,0.6541467
1.5181904,0.71226215,-0.89605045
0.30662823,1.0427146,2.7469988
0.7539954,0.69798326,0.775882
-0.80763006,0.2321887,1.7790908
0.07151604,0.49489832,1.6120958
0.4594884,-0.892241,-0.47756362
-0.08133793,-0.3764329,-0.22596169
1.3729727,-0.314466,0.19861698
0.3332076,-0.5169096,-0.1716814
1.5248923,0.108944416,0.21803379
0.69858694,0.21529198,0.19010735
0.7106495,-0.032297134,0.028199196
0.41037917,-0.0068793297,0.08546829
0.06650996,0.055356503,0.020989418
0.2754743,-0.018201828,-0.01721263
-0.3293519,-0.69504976,0.048743248
-0.19239783,0.06848526,0.051115513
0.2721963,-0.9230437,0.034246206
-0.08781576,-0.44364834,0.06635404
0.6348603,-0.64249134,-0.87690663
0.28066313,-0.16296291,-0.0065317154
-0.6248274,-1.3669024,-1.6697783
0.23907518,-0.23278904,-0.6411495
-1.0927429,-0.9488392,-0.9818797
-0.6258054,-0.82177734,-0.7800994
-0.8418145,-0.4646454,-0.7153163
-0.18173814,-0.4214878,0.27309895
-1.1781888,-0.28813934,-1.6072683
-0.4766965,-0.15376377,-0.6333213
-0.62073755,0.15135574,0.040570736
-0.5949378,-0.40572262,-0.65590334
0.42369223,1.208271,0.98992825
-0.13795853,0.34884834,0.702507
-0.95710135,0.31979752,0.2197609
-0.45318747,0.11426449,0.2877469
-0.15366602,0.38111973,0.35577393
-0.39407778,0.026330948,-0.09102106
2.2270339,1.9567299,1.8816249
0.7587559,0.77270126,0.97592854
1.9244232,1.531888,0.6858859
0.82557416,0.7766137,0.55388856
1.4232244,1.0409961,0.060289145
0.7101337,0.60034895,0.17649102
0.92183393,0.5251937,-0.46931577
0.38464695,0.36830235,0.044403076
0.60319746,-1.0192313,-0.72700024
0.4504025,0.2057743,-0.24922752
-0.5407108,-1.587533,0.18525958
0.024759054,-0.613029,-0.41160583
-0.9678838,-1.1906614,0.6145737
-0.2317766,-0.46016216,0.30138993
-1.325135,-0.44620037,0.14232421
-0.5171118,-0.3958931,0.23052573
-1.483233,-0.026592255,-1.4659643
-0.4007094,-0.24839497,0.22172594
-1.6784186,-0.3934126,-1.9450736
-0.7600684,0.23241997,-1.2233953
0.11881065,0.36786652,1.26723
-0.30090475,-0.124653816,-0.61400175
-1.4597826,0.38910198,2.414193
0.1812458,0.049827576,1.2018509
-1.6691194,0.07326126,0.7584584
-1.0881562,0.14035702,0.79953253
1.4120097,-0.05420685,-0.4965453
-0.18423939,-0.12816238,-0.03278303
2.6049647,0.45427704,-0.6338968
0.98224425,0.09000778,-0.23407769
2.041407,0.311965,-0.47925162
1.122626,0.15522194,-0.35575438
1.2747014,0.24337721,0.3346672
0.5231416,0.03317833,-0.14896536
1.1806344,0.70923233,0.9818616
0.49818152,0.16430664,0.3433857
0.5379535,0.5694399,0.31630087
0.4163078,0.37516737,0.3663876
-0.24075073,-0.22877312,-0.41060543
0.03285879,0.2090764,0.11109114
-0.72213054,-1.4245291,-1.39377
-0.22159421,-0.17466736,-0.2668388
-0.54328,-3.279029,-1.9283128
-0.15156627,-0.9662161,-0.9491148
-0.017323375,-1.9913092,-0.45573664
-0.19802606,-1.5088768,-0.6824055
-1.4337795,-0.28227997,0.39222908
0.24538875,-0.6081667,0.3613515
-2.3099368,0.82587814,-1.2565875
-0.99568844,-7.724762E-5,0.13967419
-1.4708061,3.0124297,-2.3438835
-0.66397095,0.9258375,-1.152256
0.4116888,2.8128228,0.011845589
-0.0935421,1.3328586,-0.72178745
0.8855555,1.4061861,0.30879688
0.2832818,1.0271392,0.29876184
0.69768167,-0.5837846,0.07781696
0.38369226,0.34195662,-0.0114889145
0.9917879,-0.7526188,1.2016234
0.21030045,-0.3912711,0.13773584
1.6668816,-0.79131126,1.5606809
0.4937278,-0.34095192,0.5636654
1.5877857,-0.09715843,1.7137573
0.709725,-0.2598462,0.6953454
0.78213394,0.3699999,1.4149601
0.58943856,0.051393032,0.79831433
-0.30309573,0.12789392,0.27341652
0.15538067,0.10330343,0.46612144
-1.2964718,-0.06259775,-0.6915412
-0.2015034,0.08405256,-0.1560483
-1.4360049,-0.33081055,-0.82770824
-0.64476347,-0.10139418,-0.30755138
-1.9541316,-0.875473,-0.4113536
-1.7471061,-0.747242,0.11674166
-0.88677216,-0.36331367,0.5190785
-0.56446934,-0.11300182,0.71834683
-0.8546572,-0.032481194,0.0077166557
-0.5592389,-0.09893513,-0.5788636
-0.5111418,0.11595917,-0.8301592
0.27352667,0.84035826,-1.6161633
0.41102982,0.92243385,-1.3530602
0.407094,0.8738313,-0.65143824
0.3371544,0.9591794,0.28793287
-0.07842064,0.79621744,1.0714722
0.015699387,0.85587645,0.586144
0.45747566,-0.15249443,0.3965845
0.985379,-0.3933282,0.5035777
1.0688767,-0.33600616,0.6885066
1.09167,0.1358509,1.007591
0.7431054,0.08847666,0.65558434
0.4051025,0.38759947,0.7076442
0.087649345,0.32008123,0.4835384
0.16488814,0.17880344,0.09954095
-0.13657308,-0.87389183,0.21233821
-0.3509605,-1.1492219,0.0271039
-0.14493561,-0.42291498,-0.7518625
0.05280876,-0.48978233,-1.7805734
0.058314323,-0.89419746,-1.652884
0.15530753,-0.5447054,-1.7075367
-0.08141351,-0.7929754,-1.5019445
-0.36622357,-0.47072887,-1.0286651
-0.8304434,-0.7241783,-0.6139097
-1.2118201,-0.2795992,-0.4220152
-1.1080723,-0.02877903,-0.56735516
-1.2929683,0.20836067,-0.65270996
-1.6763878,0.27278996,-0.58781815
-1.7884674,0.0014371872,-0.75927544
-1.4587383,0.09438896,-0.6682787
-0.823267,0.71163225,0.35377026
0.3679657,1.209331,0.9496536
0.5205035,1.1447859,0.4147091
0.31166983,0.86137533,0.021780014
0.29753542,1.017096,0.24225044
0.30381203,1.015626,1.3349028
0.6893692,0.8139558,1.3109608
0.94531965,0.4979477,0.62909126
1.1504993,0.71248484,0.28769684
1.4289148,0.95245194,0.5472789
1.5871799,0.6540055,0.9432545
1.2640262,-0.0012836456,0.8350587
1.0403526,-0.49268627,0.64322996
0.901798,0.19799733,0.9970019
0.71045995,-0.13530326,0.31170368
0.4546944,-0.08659434,0.19949055
0.12551713,0.12538981,-0.59097004
-0.78694487,-1.1900182,-0.8011327
-0.5863881,-0.3907981,-0.52804804
-0.7936032,-0.04325199,-0.59537554
-1.2112269,-0.91487694,-1.4122705
-1.8692393,-1.2673898,-1.4708004
-1.268331,-0.7942748,-0.5383196
-0.6278577,-0.7351146,0.7663851
-0.33594036,-0.29272747,0.6299248
-0.13685513,-0.20726538,-0.83953476
0.35218,0.21058273,-0.8391633
0.5226593,0.33397055,-0.5079508
0.29159784,0.34858274,0.46404028
0.40267563,-0.07263899,1.4615259
0.35271406,0.08528805,1.3444982
-0.2094326,0.23233032,0.059091568
-0.56614256,0.41837406,-0.8171983
-0.19531202,0.06243229,-1.1083422
0.18758726,0.28512287,-0.22819996
0.68700266,0.8919287,0.9587331
1.1338089,0.8665662,1.4747362
1.029031,-0.17783165,0.8427
0.8792298,-0.18429756,0.20835352
0.57343316,0.10423136,0.08584547
0.4420793,0.08203077,-0.1243372
0.3166411,0.12911415,0.22841454
0.263942,-0.09664488,0.16763735
0.05093646,-0.4510541,-0.17465258
-0.004175663,-0.50472784,-0.33242702
0.043296337,-0.63561296,-0.51767874
0.061419725,-0.04363966,-0.30066824
0.2522967,0.31990004,-0.36710835
0.46792758,-0.026639462,-0.88310814
0.708595,-0.26681232,-0.5728507
0.92851025,-0.48947573,-0.41719007
0.7704598,-0.34391022,-0.614831
0.4747068,0.45410442,0.052404404
0.12913138,0.28449726,-0.39703417
0.032078564,0.01812315,-0.8961315
0.04964377,-0.3209076,-0.66086483
-0.04637474,0.1010766,-0.5056963
-0.017421544,0.3144517,-0.343565
0.047077224,-0.36569786,-0.5385971
-0.5536728,-0.86688185,-0.94842434
-1.3595321,-0.27899218,-0.9624834
-0.9850223,0.6657367,-0.16243172
-0.5599289,0.026144028,-0.41807556
-0.60045624,-0.63142633,-0.8452406
-0.97269106,-0.086928844,0.22825432
-0.8615594,-0.112329006,0.6731901
-0.42268538,0.12730694,0.9947233
0.29796052,-0.016589642,1.0288887
0.4695716,0.4398756,0.93123627
0.6376293,0.88524246,0.8089795
0.48776174,0.94349813,0.34766293
0.54967237,0.54867697,1.0545368
0.66437745,0.30978155,1.2694316
0.75617605,0.41737747,1.2889786
0.81799173,0.6747103,0.52921534
0.67521137,0.7275462,0.055224895
0.45818418,0.3629663,-0.35998726
-0.03160739,0.18786216,-0.19821405
-0.34813863,-0.082030535,0.15201998
-0.72693205,-0.6378336,0.20915031
-1.0260544,-0.7713661,-1.1762509
-1.4595942,-1.054492,-1.9525824
-2.1691654,-0.3484974,-1.2649755
-1.5721407,-0.09126091,0.083740234
-0.8958454,-0.3985753,0.3094864
-0.64535856,-0.32097673,0.57194996
-0.2552042,0.18990564,0.20056057
0.055787086,0.031135082,-0.84617805
0.67313623,0.8335719,-0.48179436
0.59782696,0.15654325,1.1411963
0.37801266,-1.0428996,1.7508707
0.20055628,-0.8697181,0.5306268
-0.06317997,-0.28693628,0.15725946
-0.26874638,0.13048029,0.22476149
-0.25627375,-0.15399742,0.43191767
0.28188038,0.103703976,0.9935384
0.7059789,0.32226276,0.94691944
0.66328216,0.6260953,0.07432413
0.57466483,0.5232835,-0.024449825
0.52101445,0.45901728,0.10846758
0.56176066,-0.089301586,0.5122509
0.53267574,-0.676198,0.6909933
0.44817257,-0.4496212,0.2200532
0.35118663,-0.018075466,-0.4613557
0.1818552,0.5170717,-0.56035376
0.079612255,-0.07666254,-0.41991758
0.07700086,-0.77690125,-0.26874685
0.06307125,-1.0197272,-0.17506266
0.009719849,-0.9253731,-0.53495216
-0.11176562,-0.7025633,-0.8556862
-0.2416141,-0.104875565,-1.1712809
-0.5468991,0.1228838,-1.3441486
-0.91543007,0.47704077,-1.3337326
-0.99959326,0.1658678,-0.761652
-0.8711152,-0.1160264,-0.3541479
-0.32613802,0.14792442,0.043026924
-0.30526257,0.56968117,-0.12722397
-0.23520756,0.11789751,-0.15650558
-0.09230566,0.570384,0.115888596
-0.07439852,0.44932222,-0.1418848
-0.17479563,0.096030235,0.38420296
-0.6006689,0.16871977,0.051288605
-1.0571032,0.23822594,-0.3778286
-0.003870964,0.022220135,0.16884327
-0.98007774,0.39882517,0.3501606
-0.27788734,0.25065136,0.6699996
0.27417707,0.83768845,0.85937357
0.5815301,1.162827,0.83653736
0.8502536,0.8836477,1.0624919
0.0660882,0.4260962,1.5242858
1.4412766,0.6174669,1.6819279
0.50563455,0.04888153,1.0319974
0.9671676,0.01136446,0.6773336
0.55156636,0.02719307,0.4166386
0.26872635,-0.72115993,0.08737087
0.14746833,-0.29452276,0.017610073
-0.4802289,-2.3674102,-0.58785486
-0.30734634,-1.5151424,-0.37622738
-0.60582304,-1.360425,-0.7694254
0.021394253,-0.47993803,0.036207676
-1.5569038,-1.0610466,-1.6792006
-1.2155356,-0.9518175,-1.5037289
-0.8698797,-0.7286806,-1.072712
-0.5015607,-0.21352768,-0.77540827
0.30417538,0.583518,-0.56214905
0.89492893,0.84233236,-0.010414124
1.0033283,0.8670025,0.095998764
0.6942282,0.84908104,0.5563679
0.16849375,0.48518467,0.6226945
-0.32580185,0.2660823,0.65901375
-0.5027127,0.28521442,0.259346
-0.48722363,0.28673267,0.095496655
-0.20303011,0.65698624,0.06418276
0.15353441,0.66717005,-0.03706932
0.7019839,1.0736148,0.3317666
1.0867016,0.7361469,0.55096674
1.1275947,0.25661373,1.0452132
0.9928758,-0.23416281,0.6030483
0.74882984,-0.32454538,0.39514446
0.5604625,0.16923428,0.21611738
0.5808778,0.43009067,0.23944616
0.5663625,0.5587313,0.41833162
0.3195678,0.5981574,-0.58421993
0.34855866,-0.43388915,-1.0971413
0.5142125,-0.8936691,-0.9841118
0.5711976,-0.99026346,-0.30651855
0.54024744,-0.779336,0.48110008
0.22011065,-0.70103693,-0.26363993
-0.05832678,-1.2684383,-2.0365906
-0.5935501,-1.1780186,-2.250372
-0.85641396,-0.6359453,-1.9382315
-1.2698133,-0.44684458,0.057380676
-1.8485081,-1.403019,-0.43368912
-1.7469273,-1.1691475,-1.8067856
-1.3034406,0.0010347366,-1.3279581
-1.7489786,0.4848652,0.8586092
-1.0182152,1.0059729,2.5966477
-0.26398802,1.1785917,2.6379223
0.004196167,-1.4338102,3.1102343
0.5558424,-2.308957,2.3230572
1.2414021,-1.7091084,-0.15432453
1.464108,-0.988101,-0.9522524
1.8058373,1.2676535,-1.1258221
1.7625225,2.0968885,0.3015108
1.1326113,2.7180042,0.62200785
0.7509202,2.124127,1.6744819
0.6782542,1.6704965,2.001768
0.8953017,1.0783114,1.900176
0.77985215,1.0977085,1.9991124
0.63088226,0.52785254,2.195741
0.3639251,-0.23371792,1.8925421
0.32944626,-0.70886517,1.0196909
-0.1247257,-1.160059,0.40130675
-0.15184206,-1.2756753,0.05610645
-0.49710637,-2.1142812,-0.09127188
-1.1455843,-3.3129377,-0.42463112
-1.1116494,-2.1018925,-0.67015904
-1.0317041,-1.1689968,-0.562211
-0.22358823,-0.46161938,-0.3812671
-0.1737423,0.2546568,0.38422763
-0.27668238,-0.43461227,0.45889395
-0.33030558,-1.6449547,-0.6302782
0.02610898,-1.2535009,-1.0193583
0.7154337,-0.88345146,-0.57577485
0.45787752,-0.5654087,-0.36849588
0.27312183,1.2485752,1.5063753
0.52722454,-0.072784424,0.8889981
-0.66316116,2.6977482,-0.0010527968
-0.28345263,0.8807354,0.18933004
0.15416181,1.7895021,0.21770543
-0.29207015,0.81430626,0.45498312
0.5501063,0.021629333,0.54554915
0.47158647,0.5210304,0.585124
0.42286617,0.6613693,0.45875525
0.29974782,1.0208693,-0.015919209
0.22861356,1.0563488,0.08787823
0.09574723,0.6025133,0.33511853
0.08732706,0.14044285,0.36310792
0.2642807,-0.11544275,0.17109752
0.32849774,-0.37574482,-0.010016203
0.4278236,-0.759922,0.0778656
0.47606927,-0.23198986,0.17394948
0.044195205,0.37863302,0.21552324
-0.61374426,0.44765186,-0.1746521
-0.57667106,0.0076203346,0.07975888
-0.41657037,-0.3919859,0.49694204
0.12719324,-0.45466518,0.4268353
0.19938996,-0.3047762,-0.41788793
-0.8484585,-0.55208015,-0.27970672
-1.2310113,-0.7410002,0.9824629
-1.1019666,-0.5048857,0.8203125
-0.39573622,-0.009007454,-0.88930297
0.06391263,-0.58803463,-1.0809383
-0.17974544,-0.4023924,-0.49260283
-0.81989,0.5836954,0.8201604
-0.82812285,0.85623646,-0.7714138
-0.5483861,0.3150835,-1.3962231
-0.43524313,-0.4725542,-0.36953998
-0.48388243,1.4596972,-0.21352124
-0.84292173,2.1615696,0.27553213
-1.2335968,0.07789421,1.0803912
-0.7726469,-1.0687189,-0.016467094
-0.17577839,-0.45107174,-1.2991942
-0.011367321,0.44987726,-1.3233492
0.5228977,-0.5180626,0.9243828
-0.07293463,-0.24881554,1.4742036
-0.3837819,-0.04125595,1.3709989
-0.14295673,-0.93505096,1.7692313
0.22109509,-0.44060707,0.74157476
0.62263966,-0.6987715,-0.24250364
1.1600373,-0.7337532,-0.64247036
1.7200246,-0.50484467,-0.79425335
1.2785612,-0.56520367,-0.44243383
0.5731127,-0.06752968,-0.8163943
-0.079104185,0.22799587,-0.573058
-0.22224307,0.7006073,-0.112397194
-0.12231588,0.639925,0.1533122
-0.07368517,0.46624565,0.04142499
0.0018749237,-0.25016212,-1.1119785
-0.012590885,-0.009939194,0.022300243
0.051701307,0.43493843,0.9428394
0.2138989,1.1180558,0.16211796
-0.18335319,0.17925453,-0.014230967
-0.37170625,-1.3195,-0.108706474
-0.13829303,-1.250536,-0.04812026
1.0913554,-0.27476692,0.7077663
1.87833,0.82626534,0.19094896
1.1837438,0.7402668,0.38422847
-0.06830764,0.33433247,0.56155753
-0.59074426,0.17566586,0.531013
-0.69372797,0.7161484,-0.12903214
-0.689152,0.8843117,-0.2465353
-0.6157384,0.57055616,0.004640341
-0.24237585,0.33757496,0.18990922
-0.047860384,-0.34476995,-0.05313921
0.20074487,-0.73856544,-0.47530842
0.3552556,-0.051301956,-0.60146165
0.29784894,-0.74841213,0.16209173
-0.15107727,-0.62148666,0.22632194
-0.36790442,0.08491993,-0.052819252
-0.20940995,1.1422744,-0.41534448
0.026868105,0.35870886,-0.458889
0.10300374,-0.84149647,-0.30747962
0.05213189,-0.5921879,-0.06960702
0.4103074,0.069960594,0.12706804
0.43421316,0.79866123,0.105840206
-0.03469038,-0.50782967,-0.5405811
-0.060509205,-0.6667118,-0.8577565
-0.5091386,-0.6871853,-0.3083948
-0.993927,-1.0511818,0.8307934
0.3185029,0.30637646,0.43670583
1.7039529,1.1016636,-1.012228
1.2483557,-1.2853785,-1.3971153
0.16304767,-1.0616789,-0.1448645
-0.2879156,0.63063335,0.46044314
-0.07394123,0.677886,0.23492432
0.3924446,0.3572321,0.11357665
0.4733465,-0.27549458,-0.0652169
0.16503572,0.10715675,-0.34819663
-0.09817159,-0.16279507,-0.6871295
-0.0030705929,-0.26048183,-0.4014557
0.23247507,0.37112522,0.18589991
-0.10557598,-0.039823532,0.3779328
-0.45217323,-0.008631706,0.48091412
-0.13769424,0.18447971,0.40585172
0.69947225,-0.08266258,-0.9323758
1.5922823,0.18000412,-0.6120434
0.84437966,-0.75054073,1.3995383
-0.18743432,-0.060500145,0.7240882
-0.27318686,-0.21339989,-0.09433675
-0.57936394,0.13310814,-0.35763955
-0.94386905,0.61842537,-0.28405178
-0.99327767,0.5260372,0.40967047
-0.3506919,-0.038746834,0.6713103
0.21072733,-0.18875408,0.5384309
0.6681021,0.18259048,-0.45219445
0.833642,-0.2600851,-0.65102464
0.26997715,-0.06685543,0.32190752
-0.36964497,0.15947437,0.51707566
-0.6656138,0.35335922,0.29108882
-0.8105974,0.32881355,0.13879585
-0.87887037,0.2349577,-0.24214518
-0.6651406,0.090613365,0.013578892
-0.018101215,0.14533234,0.35498762
0.48181236,-0.23949337,0.20267558
0.6776416,-0.48578262,0.24156952
0.59458095,-0.47638798,-0.32959902
0.09552604,-0.594491,-0.3595754
-0.29282224,-0.11079216,0.47932172
-0.4463631,0.87451553,0.5549967
-0.51091886,0.8063879,-0.032471657
-0.512395,0.56052494,-0.47433937
-0.14865494,-0.22353363,-0.2223661
0.3630154,0.05613613,0.06760907
0.020873904,-0.051412582,0.62094283
-0.15519238,0.02838707,0.32998252
0.23165119,0.120830536,-0.2301104
0.34285748,-0.53405094,-0.24380493
0.02789259,-0.45671463,0.3618784
-0.21812129,0.5290098,0.29136157
-0.31581092,0.7890587,-0.17974567
-0.3844614,0.12958622,0.25884128
-0.24911976,-0.11472988,0.3096938
-0.1364522,-0.5407753,0.22731733
0.23291922,0.047701836,-0.42452836
0.064792395,-0.067536354,-0.27323055
0.11654925,-0.56113625,1.0540283
1.8259981,-1.1666441,0.9519224
3.407313,-0.8247986,-0.58135843
-0.77970207,0.04520607,-2.6475189
-2.448081,4.4894247,-1.274565
-2.4463058,3.1352537,3.0042753
4.5405364,-4.3585663,3.6404324
0.79751354,-2.1612434,-4.3509035
-3.4873335,-0.88979816,-4.686149
1.8164144,2.0446148,6.1562915
-0.34220278,3.219318,1.1344056
-2.425506,-0.90461636,0.21729946
-1.5461948,0.24388504,-1.6766909
-4.3330197,4.2810087,-0.7313819
-2.923297,-0.25577927,0.2612853
-1.798893,0.36187696,1.7715292
-2.1733284,-0.8808408,-0.09052014
-0.57422066,2.298578,-0.917547
0.16880035,1.8664203,-0.5504551
-0.06664753,-0.71625566,-1.6041718
-0.09628487,0.26943398,-0.47198153
0.60492325,-1.3338022,-0.8276434
0.06996727,-0.6268549,-0.87598914
2.2007093,-0.94821453,-0.94217306
0.59634066,-0.46741915,0.045167565
1.8082185,-3.998094,-1.1754721
0.38345432,-1.9397354,-0.608267
2.5361829,-2.7154922,-3.2424133
1.3642004,-1.0345936,-0.259382
3.9974256,-0.7969818,-5.3757877
0.98622394,-1.873806,-3.3255825
-0.115041375,1.4516239,4.1800613
3.0828893,-4.3926,2.6583843
-4.168366,3.5814457,-0.4101286
-2.126856,1.968812,0.102202415
-3.9676118,2.6467605,-0.9259815
-1.1387596,2.7389474,-0.025681496
-1.8197956,0.68338823,-0.6722555
-2.1575918,-0.7486234,-1.4262314
1.3435507,1.5174541,-0.2569685
-0.18361616,-0.46764946,0.6001525
1.926559,-1.1696358,0.8851559
1.168642,2.3359308,-1.1634545
0.9930973,-2.038463,0.5133982
0.33985043,-1.7566423,1.0855255
2.8116698,-1.8505564,-1.087316
1.9910052,-0.41361427,0.40430164
1.1240791,-3.9207544,6.012499
0.84505826,-0.9386873,2.9378197
0.88253784,-0.9792347,1.3408388
0.1710259,-1.6901188,2.7796276
-0.3088584,-3.4551907,2.7519655
-0.5975969,-1.5830822,2.3910284
0.09407991,-1.8681908,0.81927586
0.9719232,-2.6697044,-0.5589919
-2.0502813,-8.636089,6.81489
-6.2767963,-11.129143,2.6560917
-5.394678,-9.031883,-3.3735108
-2.3799915,-8.615139,7.0975113
-0.6651125,-2.1166039,2.7465649
0.6561241,4.057415,-1.4109726
3.266912,10.07432,-2.397005
4.154817,16.758337,-0.63922596
4.4487967,12.957883,-4.5432205
0.50282764,14.495752,-8.960203
1.7774843,11.356597,-10.328333
-0.96317863,4.7981725,-2.6384397
-1.2569313,0.5057787,-2.540554
-1.4495299,-1.7418275,-4.724243
-2.4492626,1.5636717,-2.8089952
-2.5359344,1.3087401,-1.2522621
-1.2383933,-0.840263,-1.9292126
-0.2225604,-3.047658,0.2516241
0.8259678,-2.119053,2.5851212
0.59450865,-0.5961783,3.860974
0.9152546,0.65120876,3.1682153
2.447495,2.0302742,1.1787696
3.3269968,2.462383,-0.791667
3.4853542,3.6613705,-0.86675453
2.544746,-1.8199522,-0.5317383
3.4980302,1.5718989,-3.7251387
4.790001,7.7480874,-8.520907
4.980962,11.493988,-12.057545
4.192997,12.463272,-8.35273
-7.8448405,-3.603013,6.835952
-19.15913,-17.218166,20.585096
-31.996193,-19.335361,20.40227
-24.194897,25.082176,6.7674065
-2.1338997,-57.348656,-4.0336266
12.339098,6.5763655,-6.3294997
14.691193,26.94498,-8.074671
18.213026,-15.290307,24.647491
5.3218536,7.9075465,8.473038
9.974911,14.403197,-1.3086023
13.752722,5.226433,-1.2359009
18.933239,-8.1778965,-2.242054
8.093481,-7.0220356,2.3084679
3.1679325,-4.0941753,3.081726
-0.91604996,-2.3061533,-0.95589924
-0.27674866,0.9987092,-4.344433
-1.9775581,4.214004,-2.6072884
-3.070672,1.3776615,0.94542027
-3.3059826,-2.2717476,0.9207201
-4.3621655,-1.6653743,-1.8807888
-4.5094814,0.072651386,-4.233041
-3.1450253,1.2202303,-4.382406
-2.8938828,1.6819332,-2.7342548
-2.6534722,2.267026,-1.7315359
-1.4530559,0.874756,-1.9371512
-0.18679571,-0.8559911,-2.4487529
0.48417187,0.4328308,-1.8690629
1.3058577,0.29693127,-0.58481693
1.863915,0.5194783,-0.16895613
1.7169485,0.98981816,-0.34257215
1.1846552,1.5160823,-0.57933414
0.78882504,0.702142,0.7140869
0.42210484,-0.91283417,1.7134926
-0.16961956,-0.078558505,1.724874
-0.40888596,0.82772434,1.0625477
-0.12837696,-0.14599597,0.825598
0.20744228,-0.6328032,0.23418307
0.35800934,-0.32378268,0.045681477
0.025331497,0.7688472,-0.048910856
-0.05274105,0.374076,0.15257192
0.068909645,-0.54359114,-0.046389103
0.32144642,-0.2053954,0.056118965
0.03411007,0.45388144,0.0113995075
-0.27390194,0.6275878,0.0364089
-0.17070103,-0.5223142,-0.09161997
-0.1261034,-0.3235551,-0.28235126
-0.14966011,0.23882088,-0.010620832
0.081962585,1.242303,-0.048169136
0.3543167,0.3997433,-0.08599043
0.038290977,-0.05981581,0.23916554
-0.24824047,0.67423236,1.3390579
-0.05314541,1.2834615,1.9403253
-1.275167,0.4720534,1.4839101
-3.146718,-0.7352456,0.30920553
-4.926781,-1.609048,-0.7214823
-7.3240314,-0.8673681,-1.8070989
-9.114163,-0.73592573,-3.1025505
-8.696913,-0.8372097,-4.6671386
-4.4689064,1.4347097,-5.496858
1.7260418,2.9255128,-2.7349896
5.631048,1.3911893,1.0782123
4.9676085,1.2872243,-1.2023215
3.1792696,0.82382345,-0.76948595
4.8541446,3.072379,-4.773687
10.156715,9.1742115,-11.933243
2.5194106,4.026619,-5.216259
-7.8387365,-10.317177,5.0447474
-10.358352,-13.536601,15.358239
-3.034595,-8.881011,16.130047
3.5066793,0.5939417,10.064274
-0.86167526,8.682066,-8.507877
-15.213947,1.8774958,-7.377259
-20.466017,-9.953467,4.651567
-10.479565,-4.2434025,11.4153185
-6.999592,-9.641725,7.7976704
-2.4892921,0.035066605,1.4861641
-3.6433487,2.6273336,-3.1216803
-8.339851,1.6293964,1.0743647
-6.160347,-5.6548214,8.094681
6.355892,-1.8676796,0.68945694
12.575039,-0.57933426,-5.5607233
14.891227,0.3340807,-5.6121297
13.336593,0.7822914,-3.6224084
6.7594967,4.0096083,-2.607944
4.047201,5.166445,-2.9914496
2.4293184,3.980732,-1.922189
1.8642855,1.9301562,-0.04420948
2.205986,1.0452962,0.08662796
2.174911,0.01470232,0.22859001
1.8010645,-0.82262325,0.15089464
1.0576797,-0.6751108,-0.029075146
0.36586046,-0.2788415,-0.4292612
-0.39102316,0.5095396,-0.7911086
-1.1512403,0.3307023,-0.7759919
-1.7097979,0.38173342,-0.5012317
-2.0688066,0.5231862,-0.32998204
-2.010501,0.6137161,-0.27707696
-1.6452761,0.667058,-0.31523538
-1.4682274,0.75022984,-0.37030268
-1.5372572,0.3560319,-0.49135375
-1.2519941,0.8714218,-0.5381806
-1.4172573,0.6281953,-0.5604886
-1.2135029,0.6058395,-0.48129594
-0.64486504,0.438303,-0.13794541
0.10520077,0.072122574,-0.08828509
2.4193926,0.024706364,-0.551432
0.9002533,0.0020213127,-0.16597724
2.0931282,-0.18411326,-0.6808339
0.9687891,-0.0013785362,-0.21814859
1.6757727,-0.15717578,-0.54720396
0.7445841,-0.12817359,-0.299645
1.3959074,0.3592682,-0.30362993
0.6574068,-0.0075731277,-0.18359715
1.1531749,0.37669325,-0.0010482371
0.3963318,0.06487036,-0.04357496
1.6158571,0.2836187,-0.07385665
0.5193,0.34087408,-0.018154755
1.5137463,-0.5418558,0.264193
0.66387177,0.19564247,0.106259644
1.2752981,-1.0607805,-0.037721783
0.6001382,-0.479702,0.04940793
0.75490284,-0.71000123,0.7579261
0.4310398,-0.48351407,-0.020582676
0.17626667,-0.9790597,2.196388
0.22773218,-0.18376637,0.89850044
0.1809907,-1.2806177,-0.45312572
-0.14465523,-0.549912,0.8653457
0.10355377,-1.4597883,-0.14643478
0.055548668,0.050997734,-0.7250215
0.79403424,-2.973713,3.7145386
-0.2104621,-0.54710007,0.63509226
0.53184986,-2.8155975,1.8575373
0.6192603,-1.4372978,1.6285906
-0.13384533,-0.11388683,0.6055956
-0.15001726,-0.9171791,-0.18243027
-0.6047311,1.7466822,0.025747776
0.3637941,0.52334785,0.5221338
-1.7928576,0.6873684,-1.4478865
-0.55443287,0.5226593,0.023371696
0.029767036,1.747273,-2.1700861
-0.9401617,0.8378458,-0.49706316
2.599248,2.2523851,1.350543
0.41470313,0.9082899,-2.983231
2.3294036,1.0180082,-3.2239718
1.0571806,-3.407508,4.4810653
-4.430524,-6.2321777,-4.6372705
0.62743783,0.6251297,-3.4842348
-8.367731,11.303852,-10.027729
6.5980396,7.27737,46.084606
-0.83687305,-16.756224,-13.64132
-5.052788,-5.111207,-8.2585
4.187092,-11.203833,-7.6558914
1.3144693,-3.614008,-1.0062242
-0.15779209,-9.146976,1.4200101
0.4797511,-5.333088,0.16564608
-2.261076,-7.354225,4.804012
-0.15690088,-3.3582878,-0.6519594
-1.7798052,-2.7223816,3.1483822
-0.9306841,-1.4603844,3.6468534
-0.030222893,11.11068,4.2861233
-0.2691059,0.26303673,-1.1749458
5.621357,16.510208,-8.440992
0.74148154,4.124791,-0.23535681
0.7089889,14.193327,-6.532613
0.67746687,8.729771,-2.6547122
0.14704037,5.6636677,-7.8986573
0.16459131,4.259115,-2.8103375
-1.2829156,5.7858152,-6.625327
-0.02887249,0.36406398,-4.8010273
-2.673935,-2.6047986,1.796957
-3.2374783,3.0814931,2.5628223
2.1601968,-3.3448877,1.0012417
0.5750098,-3.8093915,-1.1121435
1.5064971,0.49019408,3.7042854
1.8712733,0.8347025,0.08916378
2.4127204,-0.09709346,-0.054791927
0.9664681,0.65497154,0.37865162
4.924272,1.1654066,-1.4952793
-0.006513566,-1.3503113,1.263308
3.1538792,15.776461,-14.2354965
6.1970353,9.404341,-7.189228
-8.463826,-12.062234,10.12879
5.2340927,7.8405657,-7.9410133
-37.830452,-11.801975,44.12109
-1.8186169,-11.675121,4.4272575
24.4437,-49.105907,-5.894474
-27.099236,27.890196,-34.425907
14.523507,12.423891,-0.46254826
-5.8179226,27.285715,12.192125
19.219494,6.5560226,5.5704155
2.6531844,-27.513336,33.722046
23.318638,7.4060845,-6.7070103
12.4569435,9.802578,-9.759694
6.121441,-16.695364,7.3038282
7.821995,-2.2850246,3.9604034
-4.3224983,2.1415281,-0.36596394
-2.3588104,-2.7957163,-0.1530056
-8.984144,0.7696643,2.7797146
-1.243391,3.851363,1.5736904
-9.718289,-2.7541046,-7.1522775
-4.670561,-2.4644156,0.66450214
-5.2814636,2.3868058,-10.156708
-2.8469,0.887059,-5.262203
-2.5912251,1.6142714,-5.298495
-1.2278109,0.49223566,-3.5442655
-1.1320963,1.0489974,-0.9980624
-1.3328605,1.1019316,-1.3083701
5.4768553,0.07086852,0.863484
-0.939983,-0.10787305,0.79319924
12.407545,1.6655126,0.351354
7.0582314,-0.37135914,-1.3625848
4.575495,-0.64832336,4.8219323
4.157213,1.7272134,1.5736673
-2.2273865,0.049669266,4.928275
0.14506912,-1.1419451,1.6340652
-3.7961063,0.39998442,3.5648847
-1.1163359,1.3255278,2.3397532
-4.963494,-2.410841,-1.6529446
-1.7929783,-1.0602674,0.9723983
-3.874981,1.3532443,-3.3141162
-2.184256,0.30525857,-1.2690816
-2.262135,-1.0856283,-2.4594228
-1.2592947,0.22150682,-1.1281347
0.44593143,0.90024745,-2.5776083
-0.60333157,-0.40910348,-1.202241
2.137548,0.93335927,-0.6545125
0.4747057,0.23113286,-0.80349255
4.339862,1.0504433,-0.27979502
1.2544174,0.5742173,0.21013263
2.0240612,0.9390428,2.4390478
2.3082438,-0.2187872,-0.47235727
-3.000073,1.1317761,5.788541
-0.5425186,0.55272007,1.9272108
-2.7161298,-1.7991254,2.2094822
-1.1729088,0.37931657,2.5494957
-6.49981,-1.3094462,-3.8784342
-1.044735,-1.0878088,-0.1684413
-8.354592,-2.2759876,-7.5056944
-3.9923959,-0.6491158,-2.6461813
-4.980747,4.5338597,-8.948946
-4.628031,-1.1558315,-3.4656663
4.1386876,3.6196303,2.6868308
0.9034829,3.640462,-3.8196535
4.758314,-2.0325317,0.3595109
0.43889713,-1.7160708,2.5484405
8.1384735,0.4738431,-4.844452
4.2003765,-0.5226443,-1.5681591
3.0437326,2.6212935,-0.016828537
2.8934112,0.8210783,-2.0088758
-1.9881332,-4.3150115,7.4989333
-0.3775487,0.0685308,1.552397
-2.1493316,-7.649764,10.729699
-1.3142805,-1.4328759,4.1410656
-6.535126,-0.01605463,1.1946073
0.3822086,-3.6080904,4.619788
-13.227273,-3.603962,2.5031075
-5.970888,0.117545605,-1.0580649
-4.045082,-3.4291162,-2.367276
-5.1416473,-5.2653427,2.649706
-11.684534,4.4892917,1.5517769
-0.93216133,1.7438502,-3.1992064
-19.197044,-7.570483,18.04235
-7.9757767,3.7357087,1.7772293
9.096758,-4.181134,-5.937153
-1.5345955,-5.5796137,2.8595514
19.369722,9.752301,-8.744215
9.949556,-7.5384026,-2.683416
3.241847,10.823158,-5.304476
0.20998669,7.2823124,-0.08818436
-0.6547375,4.294463,-3.833531
0.5156641,3.313871,-3.1291993
2.4553099,-1.236368,4.3869586
-0.58453274,1.4673187,1.0210047
2.2215967,-8.967165,1.2280517
0.5882559,-3.921691,1.8616204
2.3439426,0.016862392,-1.4670849
1.0726147,-1.9903784,-0.39650393
-0.035235405,2.7989826,-2.5521958
0.99029255,1.0129461,-0.9116969
-4.0013866,2.9176056,-1.6070553
-0.65012264,0.82837605,-0.70060563
-3.0102425,3.4813495,-1.2559041
-2.3065634,1.4419993,-0.6597434
1.5975704,1.3074841,-0.2598132
-0.4071808,1.1922809,-0.39459157
4.141671,-2.2815986,-1.8093443
0.7291794,-0.099550605,1.0209348
5.2596755,-1.830442,-0.20928049
2.406979,-0.70413494,-1.9098626
2.643715,-3.3619957,2.97616
1.7118974,-0.4676919,1.259649
1.5660274,-4.40739,0.81690145
1.0850015,-0.49318266,0.08458233
0.48907375,-5.114766,5.539728
-0.50370264,-1.4913988,0.90835714
1.8994495,2.0916958,5.146038
0.8739474,-0.13231277,2.7939386
2.592674,4.6286416,-0.009254456
1.2409966,1.0010004,0.6315098
0.6394766,2.9406066,-1.6445045
1.0436327,1.7977126,-0.710783
-0.85057354,2.1204753,-2.3963108
-0.21032807,0.61241174,-0.8042698
-0.9222065,1.3572857,-4.250454
-0.21480131,1.086248,-1.6997855
-2.5876033,1.8689322,-1.2487531
0.0738883,0.11125596,-1.1945326
-4.3703012,-1.7951243,-5.462499
-1.5910807,1.4299631,-1.9820981
-0.8972411,1.5296242,-1.619437
-0.9159341,-0.67744493,-0.74836946
-1.3462138,-3.6008067,-8.117417
0.18497705,0.72788405,-1.5712833
-5.1940613,-0.67417717,-7.4703493
-0.33930016,-0.71341467,-4.9633675
-13.632343,-16.496588,22.962765
-2.9479713,3.5223875,-14.005137
-0.5888519,6.9262776,14.509848
-2.7703018,2.0332534,15.951761
-2.4410706,24.768291,-6.071445
0.16766739,16.669949,-3.1977267
6.639456,-27.741125,22.574278
-6.0446663,-3.3676577,-1.6231117
7.1470404,-4.4675255,9.379242
4.5587826,-9.147731,10.863136
0.6682205,4.670746,-7.068038
2.4181051,2.0361938,-0.66370964
0.6220846,2.738919,-2.9070816
0.7398348,5.4978228,-2.9760408
-2.2003508,-5.6613374,-0.10882187
1.2640886,-4.8965883,-2.1397676
-1.2442513,2.227663,-4.9550066
-1.9731178,-0.33336353,-1.3738298
2.1419506,2.3961358,-7.6672926
0.9739857,0.36898726,-0.8970661
4.936745,-13.123877,-6.2466564
0.32937908,1.7076974,1.1720839
9.27276,2.9132857,-12.416827
4.83898,-7.2005186,-1.535672
3.8125265,7.8353877,-5.3682413
1.4608843,5.494255,-4.8637676
-3.6879504,-2.4779916,-3.584756
1.3218024,1.5675365,-0.63171005
-5.6080484,-1.2706938,-1.5902863
-3.215273,-2.7040887,-1.0729456
-4.6841183,-2.4247441,2.765562
-1.2954626,-0.43173313,-1.4616365
-4.5295753,-0.28090572,0.794507
-2.0883465,-0.06485748,2.5510259
-4.3459587,-1.7990437,1.2756324
-1.0575886,-0.9629164,-0.734272
-4.095394,-3.0204277,6.8651342
-1.5300636,-1.0320873,0.54610825
8.226753,4.645782,37.90132
-12.4466095,-0.5678196,12.671207
9.136049,5.4730854,-5.2688446
3.7646904,-1.5415211,5.1275463
6.885219,2.6035798,-12.684822
4.398878,0.92619514,-3.5275488
2.396967,-6.3822155,-4.6434054
1.2904253,-3.2878275,-4.611329
1.849441,2.5141096,-2.825603
1.4778423,-0.5514965,-1.6888676
1.2446156,3.732125,-0.5736871
0.3828361,2.4804976,-0.6015997
1.368183,-0.84882116,0.19571352
0.49562955,0.4098382,0.23864508
1.155365,-1.48911,-1.1527772
0.44676638,-0.8457699,-0.1064744
0.13270164,-2.4857683,-0.74235106
0.36380553,-0.2608652,-0.7447877
0.21291578,-1.2073784,0.40899897
0.029005885,-1.3366051,-0.11671591
-0.34612107,0.17120647,0.8722563
0.14469957,0.1494112,0.12920237
-0.49885595,0.8280573,-0.19005823
-0.25491166,-0.015538216,0.3487754
-0.36693788,0.8374119,1.6880846
-0.30226088,0.19577599,-0.4473176
-0.3129654,1.2714486,1.2843127
-0.14973235,-0.43815327,1.0778522
0.026754618,1.919949,-0.41648722
-0.22191405,1.0311022,0.17934418
0.116931915,0.9587016,-0.5103936
0.13153124,0.30098248,-0.59173775
0.102567434,0.47457027,-0.34346962
-0.23162103,-0.33217525,0.3195448
0.15055919,0.6960554,-0.9998708
0.036598682,0.2937789,-0.77782345
-0.17424202,0.92658186,-0.52079153
0.015665054,-0.09192085,0.3746109
-0.72394085,-1.9420128,1.7138128
-0.034281254,0.640295,-0.92118406
-0.6854212,-1.226696,0.7711148
-0.5995598,-1.8500266,1.6871672
0.15871215,-1.1656294,-0.37129116
0.012702942,-0.12082863,-1.0282879
1.0500867,0.054446697,0.013038635
-0.015942335,-0.9197712,1.105464
1.4500685,1.2025924,-1.5556941
0.79473454,0.63788223,-0.64781475
0.12555778,0.9077711,0.43735123
0.25044107,0.35725975,-0.17058897
-0.62424994,1.2077789,0.7044687
-0.18040252,0.6090231,0.94578934
-0.29626775,0.54300404,0.57465935
-0.37655067,-0.12595463,0.3018937
0.6155572,0.7575512,-0.77366257
0.14572585,0.79129076,-0.16263819
-0.25456524,-1.4012742,1.1309376
0.05926037,-1.6782832,0.673234
-0.38958216,0.4474616,0.9962845
0.2072897,-0.013953209,0.26987362
0.42226803,0.2776084,-1.1649694
-0.1848383,-0.21919298,0.052742958
0.8899496,-0.99989796,1.671773
0.41174203,0.8126755,-0.111460686
0.7860256,-0.45902014,0.3944807
0.13837159,-0.76725006,0.96804714
