x,y,z
-0.08377552,-0.13219404,0.41738653
0.004610777,0.0042686462,-0.011749268
0.02287054,-0.057027817,0.14724207
0.01616931,-0.18512964,0.17238188
-0.10916996,0.71355057,-0.14250326
-0.0055127144,0.20384502,-0.15555859
0.03171444,-0.1637392,0.17318964
-0.1313994,0.23690796,0.12309933
-0.21587253,0.1638794,0.27491617
0.16370225,-0.40536976,-0.017122746
-0.01934576,0.48832083,-0.10596037
-0.070608616,0.24357271,-0.069346905
-0.461972,0.2570176,0.41683722
0.07208729,0.41425467,-0.04887581
-0.29556465,-0.25125837,-0.48330593
-0.20141959,0.2912197,0.09061146
0.067224264,-0.53686,-0.8858986
0.0797987,0.027223587,-0.71254253
0.0280869,-1.2651029,0.4250388
-0.2241261,-0.3315916,-7.2288513E-4
0.8494828,-0.5462575,-0.17973995
0.1728549,-0.48444653,0.07037306
0.42168176,-0.5046463,-0.13117456
0.3235066,-0.4241047,-0.11766195
0.22083473,-0.5686908,0.2434125
-0.10229993,-0.23065329,0.07304001
0.44784486,0.29214907,-0.26890612
0.255975,-0.25892067,0.047017574
-0.04303503,-0.23772621,-0.14305735
-0.17617464,-0.03415966,-0.040991306
-0.04992807,-0.18122005,-0.3204341
0.043128133,0.058699608,-0.16370583
0.2666391,0.33329964,-0.7038975
0.038872123,0.26234484,-0.1670208
0.38649833,-0.41436958,-0.9726367
0.15082479,0.015212059,-0.6730528
-1.2672094,-1.4980373,2.0132475
0.47304428,-0.4040556,0.08409929
-2.4415817,-0.2294817,0.5058489
-1.2546225,-0.8501892,1.246181
-0.46585464,1.8110065,-2.7971945
-0.6291213,0.517015,-0.80800724
0.66077113,2.2217345,-1.3062537
0.006110668,0.8120589,-0.88656807
1.4335366,1.3073139,-1.2079006
0.348984,1.4695163,-0.22449684
1.899674,-0.10912752,-0.20803428
0.7898152,-0.1479888,-0.85178566
1.815589,0.5365906,0.18422675
0.8355993,-0.18062496,0.44275045
1.4143176,-0.8894062,0.16384172
0.78258014,0.7117739,-0.46668494
0.30165374,-3.807293,2.401215
0.62976086,-1.4989061,0.70321274
-1.6716726,0.3554039,-0.032614946
0.080878675,-1.3354769,0.91688776
-3.1476574,3.676274,-2.3122828
-1.0813367,1.0595636,-0.50226045
-1.7784486,3.2538989,-2.2843091
-1.4324067,1.2780435,-0.47976053
-1.4239283,0.87004566,-2.0906312
-0.07621622,1.4057176,-2.2665713
-4.472497,-11.631401,9.51752
-0.8305826,2.5770745,0.54739046
-4.756094,-3.338274,-2.6269078
-2.3497725,-7.839676,1.5151343
-2.4538727,-4.986746,-5.5210905
-2.6967125,-3.623623,-4.8068304
5.9263573,26.351543,8.936775
-1.2928,-25.596277,-0.8493868
2.2693648,3.8522596,-3.609718
4.757541,-0.81058884,-4.076949
3.7006464,2.5611248,-3.121032
0.30748463,2.999793,2.6545691
0.4388914,-1.1876154,-6.538662
2.4689994,0.27268982,-3.1856918
0.5014281,0.62348175,-3.0087814
-1.0841951,-1.026001,-1.2958488
-0.24339151,-2.1322346,-1.0852356
0.64101934,-1.0627689,0.04401207
-1.2767978,1.6305199,-1.099597
-0.26859093,0.71255875,-1.9586868
-3.1445394,-7.121132,3.1241903
0.123506546,1.9163971,-0.4261322
-5.1935625,-7.2470646,-2.672289
-2.920888,-6.354286,2.8620853
-7.351898,-10.035011,1.0839777
-1.2499037,-3.390007,-4.264742
-5.746166,-4.6810226,4.8124924
-4.4329643,-7.485462,2.462483
3.7256975,6.241787,7.6806293
-0.9191685,-1.2747993,2.6707995
14.181467,17.516434,3.8514519
2.4014874,3.8417435,6.9637303
14.4710045,15.938264,1.0980096
8.970308,9.687173,-0.41124797
-1.4117283,8.778633,1.8406343
2.700438,5.339449,0.090081215
-3.361984,2.9974003,-7.68807
-2.7676501,2.754966,1.9488875
-6.0555763,5.310428,-2.9726362
-0.38961124,1.719285,-5.068197
-0.2784648,-0.77517986,-0.9697287
-2.0139003,1.5096517,-1.205961
-0.34040928,-3.4161704,3.198346
0.59731627,-1.5060126,0.95135474
1.7751334,-4.6015024,-1.0506022
-0.60153055,-2.3964024,1.4590288
2.177008,2.4088824,-2.827991
1.7625668,-0.028911583,-3.054133
4.116007,-1.1232839,-1.9148054
0.43540937,0.83483946,0.90134144
8.407455,14.139493,-14.934504
2.778945,3.0304441,-1.4767904
3.2173443,-2.5914946,-4.7360306
4.670122,11.984945,-7.896078
-31.628597,-25.799427,23.813305
-4.9332027,-4.3544517,9.307491
-44.369698,-4.8508425,-0.2581699
-13.971642,5.142241,24.757454
21.293278,26.123676,-17.700102
41.132286,-40.34636,1.9476874
2.6875744,19.993773,8.901836
8.2951,12.650448,6.4633207
9.125797,-11.320881,3.0761805
-2.7464387,6.9390364,-0.35419464
1.4079885,-6.8473907,-5.04267
11.849318,-7.198678,-0.51515675
-18.686,1.4867599,-19.939938
-6.2696514,-3.0799265,-4.6618795
-3.4839373,16.522045,-5.836726
-10.087297,3.2283144,-11.901073
-6.2045755,-15.500042,15.862579
8.431419,4.2659063,3.8574076
-6.810107,-2.7814639,29.668404
-3.3762712,-9.369565,7.077297
-13.602415,-0.6626234,-9.411297
2.775896,9.543462,14.13097
-19.526844,-7.713432,-1.9059181
-12.799042,-6.4596925,2.6691628
-10.177235,-4.693488,-1.4329281
-1.1320267,-15.775461,18.343803
13.305143,-0.5271511,-5.8552437
10.648237,1.5657253,-6.030468
13.517105,8.963839,-0.9864578
13.485318,9.855649,-1.3193302
8.275112,3.7915971,-1.871006
6.0024576,1.0751429,-3.1419191
3.959559,-0.43660927,-3.6028757
2.1265292,-2.30052,-3.9882946
0.44773483,-2.2384768,-4.0219736
-1.4771147,-0.37994194,-3.6497302
-3.249916,2.254469,-2.5028472
-4.3186216,2.9092607,-1.1712489
-4.562825,3.0846941,-0.54274035
-4.5413704,2.360341,-0.98018885
-3.8335114,0.746006,-2.3128386
-2.3461876,-0.76371026,-1.9736142
-1.5168839,-0.79829717,-0.84020114
-0.8283043,-0.50937796,-0.6419244
0.5807972,0.24554181,-1.3225436
1.8994026,0.5003793,-1.2325647
1.9894238,0.39685726,-0.2862506
0.83499527,-0.55506015,0.6166544
1.4016724,0.40630913,-0.26728988
2.7542048,1.7662783,-1.0291475
3.4620008,1.4721186,-1.2485857
3.538045,1.2118388,-1.1162788
2.9921865,0.17185496,-0.23327965
1.9425812,-1.2675408,0.27820975
1.8745556,0.18476182,0.3052342
1.7758565,1.0284274,1.0825453
2.4328647,1.275706,1.4267955
2.8870606,0.38434625,0.67564416
2.341116,-0.4205641,1.1372652
2.4728503,0.39891702,0.88874006
2.2828803,0.4744243,1.4345369
2.401869,-0.88695705,1.6122303
1.8988166,-2.6546304,1.3658662
0.53184175,-4.024978,1.9636116
0.014001131,-3.1827726,1.291954
-0.30975533,-1.1359882,0.3196621
-0.43728054,-0.7684045,-0.42365503
-0.42389476,-0.3109684,-1.1935778
-0.96541977,-0.8379836,-1.1132522
-1.2369134,-1.0327711,-0.58223724
-1.0413878,-0.6012144,-0.15964365
-0.54850197,-0.3035655,-0.5327449
-0.6054013,0.037094116,-0.5631385
-0.3813277,-1.2250757,-0.65001154
0.08845705,-1.113491,-0.65657616
0.050483406,-0.599246,-0.25931883
-0.37987643,0.23093128,-0.09394646
-0.62312865,-0.036078453,-0.29609823
-1.0791388,0.4228058,-0.911211
-1.8597853,1.0244818,-0.92487574
-2.6535988,1.1414042,-0.32683468
-3.3424492,1.1151032,0.06663799
-3.5473413,1.4644876,-0.26840663
-3.606454,1.7922893,-0.83372927
-2.7111216,0.9739163,-0.97028923
-2.2223854,0.59878993,-0.757359
-1.2706308,0.15951157,-0.6854396
-0.7335253,-0.47098875,-0.35593784
0.03466606,-0.22328615,-0.30441475
-0.5462923,-0.5183139,0.7199513
-0.8797989,-1.0181861,1.1411052
0.21533108,-0.36203575,0.39167142
1.6854229,0.57274866,-1.1712947
2.2861147,0.3067999,-1.0821353
1.9994154,-0.6908431,0.2543881
1.2275276,1.1744256,0.23482597
1.8674135,-1.3138933,-0.1347171
1.2794204,1.7946458,-0.39880586
0.6318903,0.7088063,0.22896755
0.4687662,-0.52243185,-0.62573457
0.07629585,0.14524984,-1.1620178
-0.3878727,0.23852777,-0.24722973
-0.69260216,-0.020491123,1.2637372
0.26465225,0.120194435,1.09533
0.730196,-0.38582706,0.6611717
0.8978982,-0.35878658,0.56412053
0.18238878,-0.59277534,2.2503495
-0.20964861,-0.5509925,3.10429
0.20752478,0.62190056,2.014326
-0.23646593,0.9756894,1.4898987
-0.94199944,1.3630044,1.6170158
-1.2449083,1.9908941,1.1130371
-1.2533636,2.0433812,-0.38937092
-1.5499096,1.2709893,-1.213007
-1.0823469,0.5667346,-1.7401342
-0.8612528,-0.08625054,-1.6852298
-0.56805706,-0.49190283,-1.1888714
0.08846855,-1.0717686,-1.2297583
-0.8167839,-1.4214306,-1.5562546
-1.923254,-1.7402165,-1.6027894
-2.816803,-1.8507695,-1.2954683
-1.839529,-1.1216683,-1.2474147
-0.38357162,-1.1484408,-1.2243218
0.17895699,-0.05619812,-0.70235467
0.6447048,0.3608961,-0.6533015
1.0577049,0.6891284,-0.57900333
1.5534,1.83849,-0.7551667
1.9702435,1.0050173,-0.5920992
2.128232,0.81482744,-0.27015102
2.0669222,0.60576534,0.0385592
1.987844,0.20841193,0.18710053
1.7319074,0.26516032,0.59475404
1.4501224,-0.23788619,0.6763744
0.8361411,-0.77742124,0.19077794
0.2562542,-1.1763537,-0.044921637
-0.21753693,-0.72988176,0.026412547
-0.4747944,0.009417534,0.13182572
-0.8462992,0.13014293,0.0031571388
-1.3905191,0.60426974,-0.26153314
-1.0661459,1.0532782,-0.5918253
-0.6348324,0.82119787,-0.26997572
-0.6254101,0.7845236,0.3972271
-0.5902653,0.7794394,0.6434268
0.21216202,0.9386083,0.1942081
-0.17067528,0.7432122,-0.3553133
-0.96884537,0.026695192,0.57551897
-0.32126427,-0.3276801,1.3290775
0.68005466,-0.18366647,1.4711866
1.2795258,-0.37497103,0.84196067
1.1483383,-1.0474979,3.7168226
0.9218769,1.2955283,3.0284572
0.5900011,0.8291382,1.9382124
-0.51878834,0.46629232,2.348302
-6.8028812,-3.5307636,4.9076595
-6.86833,-5.190958,3.2542915
-3.382887,-3.2118893,-0.031812668
-0.0045204163,-1.9866562,-1.518939
3.1750755,-0.68152905,-1.9313335
4.6675854,-0.5878744,-1.8259854
5.584485,0.662652,-2.5844665
5.723872,2.0881639,-3.2660272
5.479041,2.0045028,-3.0157597
4.619028,2.1823356,-3.2294674
5.3205004,0.97837996,0.39246488
3.3269732,1.8320748,-0.38165808
2.3621707,0.7940526,-1.4563019
1.5914679,0.23697829,-1.9234244
0.53127146,0.12561727,-1.2202656
-0.38475895,0.17386508,-0.3749134
-0.75956297,0.22159863,-0.21236339
-1.1312141,0.59231603,-0.6093899
-1.6663349,-2.9766312,-0.48347926
-5.3583965,-10.013918,3.499844
-9.579983,-10.567539,6.240707
-10.309742,-8.320032,4.823021
-7.0763083,-6.166048,3.943283
-2.0940304,-0.19829178,-0.7599945
1.3214073,5.4536896,-2.0033627
3.0384064,7.6106863,-1.7510328
3.7680035,6.5425673,-1.830111
3.2512164,4.990163,-2.326617
3.2499146,4.378164,-2.889547
3.1234343,4.2071342,-2.410128
2.3989253,3.6808925,-1.7355505
1.5368447,3.701121,-1.1597856
1.2808447,2.354927,-0.52927464
0.9944217,1.1960986,-0.39849502
0.5383632,0.90953827,-0.36536163
0.21124315,0.06725538,0.14617625
0.10301781,-0.83342594,0.75703394
-0.06278086,-0.79847866,0.26231986
-0.57035136,0.3562492,-0.2826083
-1.4131107,0.7244612,-0.45821366
-3.530734,-1.2831545,1.1608856
-7.650263,-5.5146203,2.811557
-9.120689,-6.3211884,3.7009673
-6.336767,-6.2076206,3.0060515
-1.4016075,-6.27744,3.408661
1.8932686,-3.5011806,2.671876
4.049491,0.4683323,0.40755558
5.184308,2.6180868,-1.5181513
4.8425856,4.525634,-2.4027748
4.115163,4.4761953,-2.282468
3.571465,3.7887356,-1.7519143
3.0580115,3.0744815,-1.4506676
2.4872994,2.1714623,-1.3590004
2.1925292,1.5506263,-1.407594
1.6039486,0.40859866,-1.1261067
1.1460457,0.3227948,-0.7069177
1.8964767,1.6362145,-2.5271468
-0.26031706,-0.6613251,1.8639868
-0.15281233,0.38426828,1.4335208
-0.39812857,-1.3016803,-0.33595908
-1.0607864,-1.4735723,-1.2983422
-2.5038595,-2.208757,-0.55665934
-4.5368037,-3.8622022,1.5912776
-7.1740446,-4.662983,2.7070003
-6.5695744,-3.3735104,1.7186899
-1.8371401,-0.71716213,0.35373688
0.35039043,0.6932974,-0.78185487
1.0884619,1.7967205,-0.6474869
0.53878975,2.08,-0.06349754
0.02611065,0.8362713,1.0120444
0.6449499,0.9780445,1.3816752
1.5252104,1.4855633,0.7524953
1.8602662,2.0233629,0.33449745
2.1160727,2.3476353,-0.48770952
2.2031746,2.3942788,-1.2759445
1.903429,1.8142796,-1.2701623
0.51947117,1.77099,-0.49265552
0.12560225,1.5394902,-0.3107028
0.22595358,1.0618882,-0.61869717
0.24267673,0.4482329,-0.6840365
0.0848279,-0.33983716,-0.5588342
-0.4682207,-0.5745192,-0.45418823
-0.73942804,-0.8120561,-0.27076066
-0.7842889,-0.5825398,-0.14877021
-1.0290527,-0.113868594,0.33076358
-1.5120788,-0.820633,0.34806228
-1.5469351,-1.4675629,0.22429228
-1.1693172,-0.24664569,0.10983658
-1.9680653,0.09803915,1.2991912
-0.9622984,0.21597409,1.7784371
0.056803703,1.6214793,0.8516617
-0.57043266,2.6681025,0.10682917
-1.3028374,2.720429,-0.16760159
-0.7173624,2.6987553,-0.2390418
0.46945477,2.8779526,-0.3521843
1.3332138,1.5078502,-0.8919437
1.484561,-0.5856528,-0.6520555
1.3270617,-0.75788975,-0.27021575
1.1573095,-0.6566658,-0.10551715
0.61196613,-0.7343857,0.038196564
0.05455494,-0.78872275,-0.38007855
0.030317307,-0.49405646,-1.0997999
0.08682442,-0.46176362,-1.2263825
-0.14669418,-0.2541566,-0.8323859
-0.7634945,0.2970264,-0.44078964
-0.38903713,1.112535,-0.17790979
-0.22140312,0.5618577,-0.08321649
-0.3393631,0.7334676,-0.59415656
-0.61558723,1.512908,-0.90889996
-0.8214836,1.417222,-0.63839066
-0.5855093,0.94379663,-0.33348793
-0.26286793,0.4170909,0.071573526
0.3941145,0.4232316,-0.24532783
1.3508844,0.57119656,-0.23822117
1.4054642,-0.14008904,0.21069098
0.96845055,-0.46506786,0.2804097
0.48649883,-0.8860421,0.044620782
0.15046883,-1.302566,-0.2549162
-0.023218155,-1.2458282,-0.33476275
-0.16502476,-1.2800012,-0.3490895
-0.38142776,-1.5608282,-0.27091825
0.10831261,-1.5536189,-0.2300824
0.86764336,-0.9468154,-0.6529081
1.0502219,-0.74386775,-0.74883556
0.4943967,-1.2897208,-0.3980434
0.29036474,-1.8306031,-0.3620081
0.9611721,-1.9530535,-0.81089044
0.69636154,-1.8552084,-0.8453474
0.44567156,-1.1873333,-0.5410223
0.5242672,-1.2149835,-0.6940837
0.1531887,-0.748476,2.5376213
0.78450584,0.30091023,3.1533022
1.0537081,0.5143635,1.2841471
-0.8747711,1.0646913,0.86322594
-2.8307066,1.1012497,0.8773099
-3.5400743,3.2836423,1.3490751
-3.6584988,3.0684056,1.8869772
-4.033087,1.3140893,2.4166417
-3.9066057,0.35374904,4.575987
-2.7637825,-3.611985,6.137245
-1.4424438,-4.331228,2.8904772
-3.273695,-1.4741368,2.13338
-0.64715195,-5.606203,12.008644
-5.0462875,-1.2573586,1.4353256
-0.22633553,-1.7041636,-11.81778
7.570221,1.0683308,-16.162586
12.008393,2.4443316,-15.846506
7.259396,-3.9059,-4.3205967
5.1869116,-5.267091,-2.1032333
5.831045,-3.4766665,-4.8565445
2.8737872,6.089135,-9.86252
1.155823,10.599279,-6.6353264
-2.776877,7.8852553,1.3998756
-10.49133,-2.2593913,6.669586
-8.881108,-3.5590372,0.69830036
-7.383219,-0.9998548,2.3254976
-7.0926476,-8.759507,9.879133
-1.8914986,2.1335075,-8.517575
-2.3000145,23.742996,5.8248677
1.4102268,14.331306,10.005704
2.2478962,-0.47985268,5.789203
1.6439781,-5.1399455,8.252924
2.2028942,-2.5295496,6.665529
3.199565,-0.7822828,1.4603176
2.9640312,-0.6492939,0.47185135
1.8234301,-2.5040574,0.66973305
1.3049021,-3.992968,-0.21186733
1.3423252,-4.3084383,-1.2158585
1.0736084,-3.898956,-1.9304309
0.949131,-2.4493635,-1.8667789
0.5063133,-1.4741229,-1.2912726
0.16161823,-1.0966676,-1.1451304
-0.020680428,-0.85969317,-1.2170868
-0.6537323,-0.8658552,-1.0624094
-0.48274517,-0.7763295,-0.6906681
0.5046892,0.1788888,-1.5805184
-1.1173506,-0.7343993,0.33075356
7.001504,-0.44090223,-2.7134576
-0.5985756,0.5605819,-1.0838578
0.77991915,2.1672249E-4,0.5505498
1.1212573,-0.4993875,-1.0006593
-0.060798645,0.8127538,1.0910647
-0.3852086,0.6994401,0.91126966
-3.2544174,1.7883947,0.13425195
-0.5520706,0.15318167,0.17326164
-1.2405205,2.6048613,-0.65985394
-1.7224998,1.0679862,-0.15415597
-0.1738329,-0.84571326,0.37941432
0.87707424,0.97570974,-0.55243295
0.6287489,-1.1989698,0.5412997
0.54337025,-1.070734,0.43377233
0.20678616,-0.2700194,-0.4073189
0.2809744,-0.2172488,0.010531068
0.5950737,-0.6615498,-0.043825746
0.67964363,0.071537435,-0.3528937
0.3415022,-0.56559944,0.86820245
0.5142927,-0.2516588,0.10055971
0.72447777,0.14386404,0.55775523
0.963192,-0.21744955,0.53164434
2.4628513,-0.2694124,-0.54541075
1.0460529,0.20758367,-0.117687225
1.1996458,-0.24715412,0.03653729
1.035924,-0.47842705,-0.19573355
0.9112222,-0.45022845,0.5535346
0.29970837,-0.73863935,0.25619555
-1.204102,-2.104617,0.74776745
-2.7595367,-0.76468515,-0.025552034
-7.5137196,-1.5313554,1.7886834
-4.1575584,-1.4259634,0.66055393
-3.3120594,0.22434139,-0.88122344
-2.2943993,-0.13529778,0.5162809
-0.99647045,0.19228601,-0.46177387
-0.28531456,-0.21863747,-0.8119168
0.6264477,-0.8738947,-0.27599287
1.2329597,-0.26969004,0.1834526
1.8724232,1.1359735,-0.6119598
2.859352,1.4671185,-0.18479514
3.5691333,1.6943746,-0.23012614
3.8471813,1.6513468,0.041190863
3.971501,1.4552574,-0.7459115
3.894772,2.077517,-0.2996378
2.5232997,1.0737185,-0.21934938
2.4745262,0.9752503,-0.19554603
0.7240826,-1606.3855,0.14913034
-0.57088226,578.35754,-0.44239008
-1.5850668,369.6677,0.25470376
-3.2132778,236.50151,-0.18481922
-7.2647486,149.72144,1.6254606
-8.590487,93.68263,-0.1702137
-4.3318396,60.957466,2.089898
-2.1916409,38.177685,1.5566525
-2.0630665,24.729452,-0.82869864
0.10007095,16.453556,-0.23463535
2.1632805,10.583908,-0.44589853
3.548092,7.424924,-0.4998958
4.2918673,4.937359,-0.5298569
4.1427116,3.2334597,-0.66395354
3.7775676,2.2609506,-0.6256603
3.5653276,1.4761219,-0.69615453
3.2609425,0.84205484,-0.7136895
2.7060483,0.41633224,-0.6544266
2.0306673,-0.28210688,-0.3100405
1.5218091,-0.8026576,0.02682054
0.8452456,-1.2001662,0.15660346
0.015381992,-1.2155352,0.21208322
-1.2175192,-1.1027884,0.388561
-2.4034388,-1.209908,0.54594314
-4.739153,-2.551797,0.9577224
-8.586075,-3.933116,2.1835384
-7.88546,-2.0038776,2.131431
-3.3657732,0.73400974,1.8084803
-0.742857,2.0020552,0.9229865
1.3556566,1.9647174,0.37772322
2.9438715,1.2911296,1.5166078
2.9873257,0.5826888,-0.50956297
2.2397985,0.32848454,1.1540709
2.144453,4.0807924,1.9506454
2.5277963,4.6343293,1.8981047
1.6177893,2.9659708,1.2147875
2.667273,3.732371,1.482317
1.6993933,3.4306746,0.49359417
-2.7002068,-2.482447,1.5049572
-3.744625,-2.334991,1.2910814
-4.6796713,-2.6589339,-0.039450645
0.49096775,6.2707825,1.7108345
-5.788889,-3.9591994,-0.6411495
-3.75239,-9.510401,-2.6842527
0.46078682,-2.6742487,-13.029281
3.7211018,-1.2855425,-17.095772
5.446083,3.2608032,-10.631774
6.0260286,3.6743658,7.7125726
-3.0478363,-4.667823,-0.10671663
0.11797428,6.1925373,-12.784766
0.29155636,7.0140114,-7.831356
0.41031122,7.2332973,-4.82053
-1.721715,1.8313503,4.528805
-4.748746,-6.95673,12.197899
-6.3719254,-11.087118,25.023457
-5.9412975,-11.954645,25.622465
-2.6853924,3.4259458,15.190933
1.6508522,4.3960376,-16.522852
-3.410078,25.224726,-13.636139
4.469219,-10.423005,-4.082761
7.555233,-15.34348,4.732827
6.9391823,2.0492845,11.496439
2.8643513,11.412393,9.106064
0.0066957474,4.417098,-3.4087582
-0.35733414,-2.344533,-8.065596
-1.000968,-2.326405,-7.0145183
-1.3699894,-1.9072142,-4.9734955
-3.930645,-2.9658942,-4.7046003
-5.990843,-3.6327233,-5.0013876
-3.3821144,-2.7723713,-2.7657182
-1.4612331,-3.0936193,-1.0483515
1.7003479,-2.634204,-1.5933831
3.6226301,-1.626132,-3.191019
2.8455915,0.31228733,-3.8365622
0.7838192,1.2755303,-1.9620028
0.022037506,0.91900253,-0.18154716
0.57339,0.8180051,0.64842176
1.3154573,1.1103902,0.47781372
1.6049719,1.2668705,0.12805557
1.6875992,0.97475195,-0.028369427
1.5887842,0.0017318726,-0.022752762
1.1501303,-0.342124,0.33786535
0.43575478,-0.10557032,-0.59281397
0.2604952,0.4105091,-1.2865162
0.03340721,-0.53559685,-0.7161102
0.284935,-0.20181084,-0.3694377
0.34937763,-0.37126112,-0.6915302
-0.7570629,-0.4260788,-0.58967876
-1.405426,0.2467556,-0.008112907
-1.6778755,0.05526018,1.0812011
-1.4201374,-0.7277136,1.4872265
-1.0697784,-0.7675977,1.0805378
-0.98192215,0.09253931,0.41573238
-0.7402878,1.2344909,0.24308443
-0.055469513,1.8366275,0.7792158
0.41039658,1.8864243,0.7362027
0.72233963,1.4248967,0.13100147
0.95263004,1.0942762,-0.06938839
1.0448542,1.4312387,0.53479695
0.9154062,1.5534251,1.3750331
0.3314991,1.4201685,1.854557
0.34240437,-0.3966024,2.7023506
1.2120619,0.8494226,-0.04488635
1.6414618,-4.1038027,-1.8751357
0.6965766,0.26806045,-2.0489755
-4.6107454,-5.3477464,22.537205
4.552744,-12.809361,-0.37197304
0.47128773,-5.516485,-6.5802083
-0.19177341,-7.3719997,5.399184
1.466249,-2.5238419,-1.6547065
2.9027941,-4.6369324,-1.104981
0.21057749,-3.4503078,-0.0574975
-0.9209776,0.6112156,-3.7863097
-1.2973433,-2.0865364,-1.6049957
-3.6849546,-1.7138577,0.64759445
-3.463152,-8.848717,5.212058
1.4794636,-1.4386559,2.8744984
3.533361,-0.7092819,0.93869305
3.409035,2.7592735,0.38164616
3.424469,7.902752,-0.011638641
4.228072,11.707895,-2.4054804
2.321362,12.929615,-1.4491029
0.9846131,9.301588,-1.3288856
0.506037,5.8089814,-4.596934
-0.601639,5.9533587,-6.6900167
-0.9075596,1.836561,-8.02959
-1.3071432,4.4989343,-8.045691
-3.2330718,2.8103647,-4.1118813
-2.9333768,0.968133,-1.877717
-0.10909939,0.3208089,-3.020566
-1.0780697,-2.6340141,2.0140142
-0.6654477,-0.96252865,4.034831
0.950109,1.0633705,2.6757617
1.1443706,0.16877258,2.4433894
0.43819785,0.99214506,0.9339986
1.766767,-0.3993224,0.8030858
4.521687,0.8752632,-1.157752
2.000555,2.136894,1.6310225
3.8423429,2.8416743,-1.5916824
5.303028,4.693246,-7.6090527
6.3267393,13.846155,-15.696949
3.1787739,6.796013,-4.434803
-9.223313,-7.951769,16.914465
-13.939777,-19.644348,10.744046
-33.418163,-8.7048855,23.861616
-24.190178,24.267141,-45.600285
11.353264,-58.48626,22.601063
3.9915867,8.143669,-5.0995874
14.052912,32.607746,-3.8352804
12.737246,-7.0309625,26.680367
6.676243,10.787832,1.7540755
3.1251109,5.54354,1.4275341
3.9016416,-7.630183,3.3392353
2.8724618,-5.772045,-0.1505971
3.6234922,-3.343215,-3.5578232
1.6417634,-1.310689,-5.47183
-1.8590884,-0.031324625,-6.4470305
-6.033383,1.7895856,-8.931358
-8.2896805,5.048075,-11.072952
-5.6930647,7.130444,11.763531
0.528862,3.5950785,6.76558
-0.04613304,-7.275957,1.0646634
-10.062954,-0.0076475143,3.5391037
-28.986393,-9.184838,19.025204
-25.156994,-8.844809,3.7424126
-16.100475,-5.660679,2.3951454
-14.465996,-5.4002895,-2.5276728
-9.258232,-6.4456825,7.8043346
1.7990036,-8.335966,14.386175
15.536491,0.37429237,2.0958004
17.84843,6.839117,-3.9420204
15.177109,9.032129,-2.2593403
10.272636,9.804355,-2.3760757
8.258474,10.482453,3.0516624
9.038,1.9648029,3.8193932
9.186,-8.173765,2.098116
9.922752,-11.524322,0.20583344
7.4155025,-8.451233,-3.4660835
2.881126,-1.2562847,-6.778384
0.020497322,3.9184933,-7.882352
-1.3536835,5.3747487,-6.9478083
-0.6732893,4.668735,-3.7662606
-1.6965752,3.6330838,-2.1667728
-2.8050356,3.5004394,-1.694725
-3.978735,1.9460819,-2.0974674
-4.769741,0.7275785,-2.1452982
-5.959387,-0.5977583,-1.6227541
-4.592411,-2.3776054,-2.057535
-3.464716,-2.4088626,-0.64874434
-3.1996155,-0.5242319,-0.2466445
-2.665268,1.6641285,-1.48175
-3.078701,3.4998496,-1.3344569
1.0727577,2.569346,0.30435812
4.687372,1.6520429,0.8981099
6.0062714,1.1768261,0.1610725
5.949379,0.45130777,-0.76572144
5.2004538,0.67650616,-1.237819
4.6981564,0.799181,-1.3622158
4.1315203,0.6294621,-0.945368
3.617177,0.6403606,-0.24494758
2.8037934,0.23055291,0.028640518
2.6678333,-0.002610445,0.10567041
2.821388,0.56067944,-0.2526194
2.9457116,0.47835326,-0.5324904
2.348007,-1.0453329,0.2613958
1.7295034,-1.2451537,0.8598881
1.4240661,-0.8474641,0.8797705
0.90833783,-0.7952047,0.40982413
0.6977902,-0.91651994,-0.28933665
-0.20004028,-2.6306465,0.45072448
-0.47585547,-1.4537704,0.904444
-0.5160034,-1.4789727,1.6407204
-0.62903845,-2.1922936,2.030726
-0.47460222,-2.650351,1.5509601
-0.60867107,-3.464487,1.2331839
-0.84770393,-3.187211,1.8051453
-0.6176126,-1.9141684,2.1160383
-0.46116066,-1.7353191,1.0692596
-0.008604765,-0.69382095,0.017779827
0.18296456,-0.373559,0.1416235
0.5323479,-0.6298113,0.4262104
0.6992583,0.03362465,0.47963333
0.41994417,1.3331604,-0.58789206
0.20287573,0.8225775,-1.176106
0.56807524,0.4145918,-0.63472176
1.1572939,0.03243065,0.1622572
0.6088913,-0.3531227,0.27546072
0.12920126,-0.43285656,-0.1439538
-0.2360273,0.09225273,-0.6958523
-0.31194782,0.4972763,-1.0735841
-0.80336845,0.854558,-0.8908882
-1.2695744,0.989748,-0.8260608
-1.8284352,1.1850634,-0.4535966
-2.305625,1.4142599,-0.51095104
-2.9297419,1.3724747,-0.6150789
-3.140706,2.0950212,-1.3406053
-1.9885988,3.0937529,-1.9535742
-1.0214081,3.4601932,-2.666123
-0.408535,2.7063885,-1.782933
-1.6558456,-0.58779705,0.8064623
-1.7891111,-0.6182916,1.9135836
-1.1511593,0.88681924,1.2568715
-0.97118187,2.368004,-0.13642764
-1.0659199,1.4159238,-0.9147498
-0.66380024,-0.37327018,-0.744798
0.31219864,0.15337312,-0.6498194
0.85869217,0.010818332,-0.16765362
1.02917,-1.2143106,0.3048874
1.3788452,-1.1970061,0.5107796
1.6363468,-0.7078569,0.6456151
1.6571131,-0.4729483,0.78553987
1.3225737,-0.33333266,0.3770976
1.4379101,-0.680681,-0.042130947
1.4580956,-0.5321698,-0.40390706
1.1262498,-0.4570427,-0.62165296
0.382164,-0.56831956,-0.010188699
0.036193848,-0.43420982,-0.47233665
-0.1576457,-0.42346168,-0.53673583
-0.20508909,-0.40892148,-0.1014092
-0.2798891,-0.3413887,0.90350497
-0.25267887,-0.08211517,0.46332145
-0.4865594,-0.23489618,-0.0053352118
-1.3211765,-0.5931649,0.3750608
-2.2583237,-0.60946894,1.1287665
-2.1057444,-0.538692,1.3399231
-1.0258951,-0.09959602,0.9709401
-0.50487614,0.38828325,0.38542938
-0.90845585,0.26688862,0.37691927
-0.7591572,0.21218061,0.47413635
-0.21158028,0.022406578,0.44901466
0.8084793,0.089422226,0.017686367
1.55019,0.06489134,-0.5096588
1.0120411,0.033869267,-0.7965946
-0.4509449,-0.120826244,-0.9143448
-1.9587994,-0.17846012,-0.81808877
-2.6633387,-0.10961771,-0.6323693
-2.3021297,0.4186449,-0.6912544
-0.5968933,0.5713258,-0.6140193
1.0200338,0.90348196,-0.49257112
1.887847,0.98888206,-0.4975878
1.9682369,0.95773005,-0.29087508
1.7377472,0.46584773,-0.13406217
1.3465977,0.0039429665,-0.06588018
0.89246845,-0.20740008,-0.16934347
0.74126434,-0.24152875,-0.29225445
0.37634277,0.10131407,-0.40922475
0.49521828,0.52146316,-0.3553735
0.48089504,0.57277346,-0.121711075
0.64640856,0.8415845,-0.090153456
0.48418713,0.8266844,0.018916309
-0.059401512,0.70988816,0.08412409
-0.35826492,0.53707206,0.14117992
-0.44687557,0.8141389,0.1470499
0.12465286,2.0701933,-0.20928127
-0.45345974,0.88822126,0.0529992
-0.29021454,0.56846166,0.033919513
-0.94881725,-0.35482824,0.16114676
-2.2161474,-1.8222032,0.4524958
-1.9500389,-2.0105014,0.35395336
-1.1392317,-1.8781846,0.75516987
-0.95129013,-1.3047016,1.5528464
-1.3902931,-0.9483981,1.6971426
-1.4919777,-0.60697484,1.1811733
-0.8353462,0.18461204,-0.14963198
0.3357191,1.0130086,-1.2664335
1.554081,0.89962095,-1.68239
2.4548836,0.09768331,-1.4245592
2.5257416,-0.60402846,-0.79373163
2.1895509,-0.85545874,-0.19693357
1.7077703,-1.0945208,-0.093859434
1.0883756,-1.2536497,-0.24700934
0.5586543,-1.2329092,-0.3373638
0.32229614,-1.0801969,-0.44269165
0.24304485,-0.8828621,-0.52389205
0.1478877,-0.39035082,-0.5329562
0.102309704,0.16542625,-0.2277026
-0.19807577,0.6069317,1.103086
-0.15588236,0.7148142,1.0982411
-0.17791176,0.7869234,0.457708
-0.4800806,0.40096784,0.77713656
-0.9615383,0.039034367,1.4305315
-1.0015221,-0.12518215,1.5912795
-0.6271839,-0.23334551,0.96325636
-0.6220484,-0.043613434,0.24567032
-1.2730484,0.005797386,0.08827591
-1.4782314,0.014436245,0.44876242
-1.0441351,0.05980444,0.57681084
-0.018554688,-0.08737278,0.05197525
0.5489435,-0.15704966,-0.6654594
-0.0057001114,-0.23075628,-0.9637277
-0.9245529,-0.25800896,-0.7884023
-1.5325394,-0.17585182,-0.4463508
-1.4420443,-0.022140026,-0.30558443
-0.27781487,0.4347911,-0.33194804
1.139967,0.38246202,-0.59398687
1.8512154,0.6477678,-0.82145095
1.9172115,0.6980448,-0.8950102
1.8092852,0.7041731,-0.7030511
1.3326244,0.993101,-0.3702737
1.0474806,0.54671216,-0.1726191
0.84506845,0.32537913,-0.06144303
0.65729713,0.30017984,-0.019403875
0.4972849,0.23348701,-0.19935778
0.2753582,0.2520951,-0.14597642
0.050581455,0.31763434,-0.29109022
-0.47175026,0.35191786,-0.14186136
-0.70797634,0.23748589,-0.06933923
-0.91125965,0.13666809,0.10885179
-1.3968525,0.007788658,0.44354367
-1.3582687,0.026436806,0.62097156
-0.6869488,0.23603684,0.35451782
-0.26343346,0.1495313,-0.1485194
-0.35093975,-0.06672263,-0.12569827
0.29331303,-0.23577094,0.5048876
0.5845833,-0.42670536,1.1045957
1.2797155,-0.43704653,1.0900135
1.4870968,-0.21841812,0.79261065
0.85061026,-0.2639029,0.62525725
-0.43014526,-0.118332624,0.32508206
-1.435236,0.023865938,0.123776674
-1.0120201,0.062775135,0.15123463
0.09087086,0.012594938,0.4047804
1.2334232,-0.24783158,0.6053567
2.3078895,-0.09885287,0.90840626
2.5619102,0.04399419,0.045078754
1.9031765,-0.20015478,-0.41398144
1.427957,-0.5326235,0.047638893
0.82348704,-1.1912997,0.4120288
-0.1195941,-1.6373687,-0.012113094
-0.7783289,-1.366632,-0.18243313
-0.93636465,-0.76125526,0.030343056
-0.6130643,-0.013726234,0.24160099
-0.6513181,0.32065773,0.123978615
-0.4275694,0.39828968,0.087008
0.1477356,0.3269229,0.8218303
0.13285828,0.24753809,0.8753333
-0.11416817,-0.121984005,0.7241688
-0.32895994,0.26056576,0.19378519
-0.06190157,0.56822157,-2.4011896
-0.23421812,0.15527058,-1.0357027
1.4881177,1.9105389,-2.3529646
-0.06657696,0.29111338,-0.89451385
-0.13914299,1.6787623,-1.6726725
0.9008074,1.0238425,-0.94179803
-4.3988256,1.2329322,-2.003263
-1.1266661,0.8672234,-0.69522166
-3.9695196,0.5688136,0.045390636
-2.1313715,0.1571817,-0.76467586
-0.6347084,3.0808988,-1.9557934
-0.5824261,-0.37415957,0.63607234
0.46387672,2.553901,-2.4491007
-0.31603527,1.3877981,-1.3988724
0.28806973,-2.7923677,-0.04485774
0.07250595,1.9761868,-0.52363825
0.03874302,-2.775887,1.0638514
0.78327847,-2.9349782,1.6477393
-2.7364283,-0.6724746,-0.22490835
-0.4274187,-1.0601547,-0.053536177
-2.2394753,-0.22340912,1.9331962
-1.1942272,0.948008,0.75763917
1.7134066,0.9055215,0.87409055
-0.48933887,0.23936561,0.2973965
12.323612,0.44739348,-13.071629
-0.22942352,1.1061065,2.1502576
-13.655493,7.4392548,23.015152
10.319097,-13.060932,-5.234497
5.3170996,-19.8527,-34.208847
-6.1907177,6.1261063,31.030071
-4.63167,17.0417,-1.087147
-15.558153,12.820518,-1.9691064
8.03492,-10.703317,3.341236
4.3011217,-1.9559916,-5.6670895
2.8492517,-3.4522018,3.5334494
0.8305969,-2.0469866,5.594136
3.879634,-0.6711068,-2.5473764
1.7306108,1.2314929,-0.93159705
3.0490007,-6.306343,-4.554125
1.6816773,-2.5957074,-0.92113197
0.121656895,1.0233178,-0.7396889
0.79037476,-2.07868,-1.7145553
-1.36202,3.9284606,2.615421
-0.15764618,1.783313,1.2724098
-2.141903,0.42574167,-1.9499073
-0.46829987,1.4645958,-0.066545725
-4.8337555,-1.0791512,0.8093635
-2.2554417,-1.0231638,-0.5331576
-1.5599375,1.0690002,-1.6850386
-1.720068,-0.7071581,1.3165431
-1.070198,0.67671585,0.5483881
-0.8289623,1.4658611,-2.6063497
1.4890213,1.7977654,-2.6671162
0.4932871,0.9651631,0.37542605
4.3180437,2.8870246,-0.89362144
0.6689091,1.5289797,-1.9402523
3.799138,-0.558339,1.6052325
2.2690258,0.6938134,0.09724903
2.2535634,-2.1470604,-0.97052336
0.8094454,1.5173109,0.07912111
3.368103,5.6430283,16.590166
3.834975,-21.714136,-13.2630205
-2.5684595,0.77768564,-4.636158
-1.0814643,-1.6949873,-2.43084
-0.00873661,1.993577,-0.20885515
-0.13736868,1.6788807,0.6324773
1.3141286,0.84310865,-0.27861547
-0.5272918,0.7709646,-0.5782409
2.2980704,-3.1810122,-0.8083086
1.1719686,0.158391,-0.14343834
1.9804881,-1.6101971,-0.059622765
0.42628568,-1.9529638,-1.4601221
-0.8534095,-1.1043291,-1.734333
0.5800504,-0.65160847,-0.41124916
-2.2903543,-0.28984928,0.30527973
-1.0429144,1.6532431,0.47425556
-2.5889559,0.1448307,-0.01672554
-1.1849866,-1.3737078,0.33406162
-3.233038,0.17504215,1.1745439
-1.5328436,2.7353058,0.36403942
-1.4069967,3.077559,-0.5178356
-0.95717335,0.5063014,-0.4218197
-1.3848648,2.224071,0.33682156
-0.49404716,3.4873993,1.3157487
0.33656597,5.724023,2.3621097
-0.38831997,5.442362,0.8007679
3.5668745,6.9353595,-0.8711653
1.2531013,4.991786,-3.1624365
1.794908,-0.52259064,-0.11319542
1.7815769,-6.3471603,6.8596315
-2.7380142,0.16540289,12.427021
-0.12503815,-3.4413915,17.546955
-0.26389885,-5.9351473,10.715202
-0.1949439,-0.06583786,-0.3961277
-4.353882,2.2026675,-7.1901937
1.836432,3.7295928,-11.330006
-16.743273,-4.2570662,-2.4597359
-3.5399857,-4.290522,2.43577
-1.1991196,-4.221529,2.7632723
-4.962845,-2.611373,1.3134041
8.395628,-1.1288481,-0.25500774
2.4848356,-1.2648935,0.93238163
5.5665855,0.9311485,-2.9597187
2.9558287,1.0019917,-2.3784232
1.658823,1.1224136,-1.8623595
1.2945547,0.23720598,-0.8517418
0.8331108,0.8122287,-1.5518289
0.24205685,0.62402225,-1.3287418
1.828176,-0.26257467,-0.94539666
0.6352644,0.15679741,-0.83336484
1.610949,0.0038161278,-0.9654591
0.7368078,-0.13852787,-0.18578827
0.93737316,0.003279686,0.16763377
0.58612823,0.25492668,0.19309378
0.48085022,0.040569782,-0.3544941
0.17749977,-0.007745743,0.25119805
0.7970009,-0.061652184,-0.84747946
0.23886585,0.038689613,-0.3615768
0.56352806,-0.11467695,-0.41068697
0.36985207,0.108949184,-0.33792186
-1.4534101,-0.13713121,-0.08755767
0.3691988,0.044012547,0.0052546263
-3.5530643,-0.28595114,0.09836483
-1.3469276,-0.09873247,-0.14850247
-2.2410936,-0.3527913,0.5806979
-1.0481625,-0.18747902,0.13720632
-1.1320429,0.047032833,0.087812066
-0.35982227,0.117441654,0.12055588
0.6247301,-0.56073713,-0.54035693
2.2416391,-1.0438046,0.27168405
2.9225025,-1.0173974,1.0809929
2.4633975,-0.68178034,1.0687783
1.0203533,-0.36278963,0.09255433
-0.61877394,-8.1014633E-4,-0.24569082
-1.6019268,0.35037613,-0.4054731
-1.7515383,0.49239206,0.51890016
-1.3186502,0.97707987,0.16507673
-0.44400883,1.0988083,-0.20080876
0.22455502,1.0679226,0.08600283
0.60340214,0.7937951,-0.5027114
0.6374731,0.20003891,-0.14092517
0.4616127,0.14794493,-0.08865976
0.3000288,-0.007978439,-0.3279574
0.25330925,-0.2717247,0.34632826
0.36131525,-0.15245152,-0.021983862
0.32930803,-0.11902094,0.22956419
0.43140697,0.009634972,0.35684466
0.43239355,-0.30488825,0.087409735
0.6429491,-0.22424221,0.71329427
0.92786884,-0.11440134,-0.68045044
0.9922309,-0.2632208,-0.5596037
0.15848637,-0.75226355,-0.034833193
0.19949818,-0.73121214,-1.0213459
1.1451187,0.612288,4.957582
0.19044542,-0.2256484,0.72425413
-0.9047489,-1.8146105,1.7154031
-1.0295324,2.3506558,2.6531315
-0.20534325,1.3006256,0.14273071
-0.25553465,0.15666103,-0.5552778
-1.1212234,-1.7492099,0.43528366
1.8673887,6.8284893,-4.698294
-1.3668585,2.8609285,-6.7043223
-0.08566046,0.20523563,-4.80868
-0.17434168,-2.7570143,-2.5228667
-1.3358779,0.21369612,-1.1687388
-1.2441635,2.2145495,-4.2385473
-1.7309608,-1.135482,-1.7917643
-2.3351774,-8.450977,1.200738
-0.5475588,-3.8135128,-0.6259103
0.4846611,-4.0480204,-0.69937944
1.3843174,-3.2848587,-1.4343967
1.5433154,-0.34937,-1.575366
1.3110347,-0.21133804,0.6466389
1.1991506,-0.97648335,4.6536927
-2.002923,3.3681965,5.155746
-1.0995283,2.6352525,1.7919054
-0.56732464,1.4214749,1.5544083
1.1845236,2.8863971,0.9764339
0.23865032,2.467871,-0.364941
-0.0020246506,1.6391971,-2.2255383
0.45072937,0.28600597,-2.910665
-0.120654106,-0.6704416,-2.0405712
-0.6349726,-0.1731906,-0.830956
-1.0867195,-1.181912,0.33699608
-1.1536541,0.3039198,0.0302701
-1.590291,0.07499027,0.213974
-0.677618,2.157956,3.2245061
0.6465883,-0.31208754,0.5666373
0.6007576,-0.5828085,-0.9183459
0.18682003,-0.7867155,-0.11886096
-0.00914669,-0.5601926,0.696203
-0.18053532,-0.17924547,1.2791353
-0.46183968,-0.77513313,2.3463387
0.45830917,-0.6416526,2.7228913
2.2331972,-0.8688116,1.8315232
4.955044,-3.010767,4.1126375
2.1614497,-2.7956982,2.3057108
2.4528656,-2.1186886,0.19925833
1.4993486,-0.107144356,1.6827979
-1.510467,-1.2882738,2.529601
0.5472026,-0.88885117,-1.1008687
-1.2127252,-7.197546,4.519018
-0.31645775,-4.309166,3.2078238
-2.9300075,-12.224348,5.6017895
-0.36283588,-1.0815086,0.83621883
-5.362318,-12.231834,0.5305815
-2.5554142,-6.772629,1.643549
-1.074647,5.5518494,-2.7144947
-1.4186745,-4.410122,-1.213234
5.139993,15.548134,-2.6780405
-0.21474934,1.4680538,-4.58086
4.6387053,19.353073,-7.7906394
4.0505676,9.250903,-2.0440142
-0.16269302,8.474904,-12.087823
0.69266677,4.953526,-1.8966532
-1.3923755,6.2731423,-7.4288225
1.0135145,3.219553,-8.281778
-2.6427078,1.1564634,1.7006922
-2.8053074,5.4749103,2.2223372
2.760099,-4.894534,1.307375
0.57740736,-3.3041182,-1.8309946
1.5877106,1.067929,6.624451
1.3654969,-1.2104348,1.6807265
1.9449884,-0.60459423,1.4878507
0.08944678,1.0978478,2.9825077
2.801576,-0.26425183,-0.017282486
0.55798364,-3.051357,0.36435008
5.205272,3.376433,-4.391265
2.3982103,-0.50373363,-0.7127056
4.6116915,11.532931,-11.013603
1.5754871,1.7851563,-1.511014
-1.8003745,6.1469564,-6.337723
3.9441538,5.7651386,-8.447683
-25.812366,-21.850506,30.983818
-5.7249365,-2.3282003,7.7613344
-22.177078,29.865183,-23.74478
-19.488922,-12.419259,31.806309
18.525297,10.560194,2.757698
29.967848,-61.307293,-14.670405
2.6261034,-16.145073,21.984558
8.739962,-1.1988716,1.977293
21.716322,38.091576,-11.41116
2.9946775,18.948177,-3.933639
14.300556,-5.5971546,2.6064458
10.272459,5.2407413,-1.8009771
-1.8455544,-3.2378333,4.622573
1.1693783,-3.8190231,3.0779648
-12.806228,-1.2030207,3.710578
-1.3022175,0.7363069,0.8547392
-12.24744,-8.380798,-0.493392
-7.1258473,-2.5504274,2.3963814
-8.038839,1.2959304,-9.055967
-3.88838,-1.5303297,-1.6479125
-1.7392738,5.7519355,-8.406588
-1.710728,1.9037836,-4.7964144
-0.8818778,1.6673822,-4.0273857
-0.6119027,1.497698,-1.8956585
4.073473,-0.5201323,3.320822
-0.2323091,1.3281168,-1.7605591
17.647327,-3.0833914,-0.30391884
14.63468,-3.3263817,2.4165127
-9.784354,-1.0409594,6.3211813
-3.1652308,5.0446277,0.73274684
1.803443,2.4685464,9.653499
-0.2570343,-3.003207,3.9870663
-2.7326183,1.2559152,2.4459944
0.6798029,3.820863,2.2948065
-3.7925124,-6.0113516,-1.2434759
-2.0563946,-1.4323771,0.791626
-2.335065,-1.8973863,-5.0616975
-0.96886635,-3.6414733,-1.7286491
0.17978048,1.2320297,-5.2312584
-1.0326252,0.2996993,-2.034834
2.61209,2.1577346,-4.1017857
0.74930096,0.97489345,-2.4136872
1.426507,0.25005317,0.7613354
1.1688566,0.34850574,-0.73397976
0.078458786,1.0520121,1.4103718
0.11150551,0.12013137,0.45980635
-0.28872395,1.0897272,2.4977078
0.6058779,0.3495958,0.63012624
-1.4586473,-1.536859,1.0820851
-0.17045403,0.24224162,1.368274
-5.5717015,-0.78732324,-1.0534564
-0.8414788,-0.61727643,0.15475631
-10.155193,-0.17747164,-4.733796
-3.78564,-0.063016415,-1.0759608
-6.330147,3.062555,-6.2799377
-4.2949276,0.21475786,-2.6017928
3.8308957,3.1008923,0.63481855
-0.6449828,2.1194124,-1.5136743
5.714835,-1.5809742,2.0176802
2.7227979,0.2109431,0.5512192
7.8211813,3.2777286,-3.5254436
3.6831908,0.4995687,0.2367506
4.1408267,2.279522,-3.676138
2.1889095,1.0972733,-1.0181046
-10.203123,-9.429241,14.640659
-4.605444,-2.6590815,2.571255
-5.0635753,-0.22315311,2.365779
-2.1788125,-3.4142554,8.573355
-17.416056,-9.958426,5.298476
-4.604933,-1.6585398,-4.35623
-6.0914154,-4.662345,8.580066
-7.389061,-5.5795994,7.4219265
-1.2598953,-9.278721,6.4355526
-0.043252945,2.3068676,-1.5261993
4.287243,4.4275856,-3.7823906
1.9945469,-3.085577,2.4902573
2.018137,5.853695,-2.295186
1.6041946,2.9388475,-4.5380945
3.7173843,3.036209,-2.1688814
1.2482967,0.7204075,0.4016304
3.9906683,2.3794875,-4.5987806
1.5473146,1.4738383,-1.771018
2.939353,0.5923624,-2.3470244
1.4889193,0.7499256,-1.667583
1.6945372,0.7879429,-1.494762
1.1703119,0.19169664,-0.5030899
-0.06311321,1.4006152,-1.982979
0.39477825,0.2620263,-0.7542577
-2.0871468,1.9696691,-2.3245363
0.008043289,0.7733207,-0.7460754
-4.7311583,1.6931748,-2.0879242
-1.343955,0.7419312,-1.2780445
-2.2652397,0.94984555,-0.024222732
-1.9125042,0.68604827,-0.51962566
0.22094536,-0.028277397,1.3698127
-0.27384567,0.28682804,0.29900718
0.6199961,-0.68677044,2.023982
0.1930027,-0.626472,0.91227627
0.67667866,1.1619928,0.9362831
0.40396118,0.22882652,0.76777315
-0.14445686,2.4525442,-0.9903488
0.12972832,0.81267756,-0.13276482
1.2996645,2.7358036,-1.1728945
-0.26226902,1.2406622,-0.6127465
2.9534206,2.2834089,-0.41054535
0.7562952,1.0951648,-0.314847
4.1308784,0.6671953,-0.44973278
1.4807549,0.8008833,-0.19282722
2.8140116,-0.99980426,0.2535336
1.6829815,-0.02695942,0.09330821
1.6317973,-1.7579343,0.9698973
1.0167694,-0.41256344,0.072175026
0.35193634,-3.04821,1.7163873
0.47040606,-0.88131666,0.9130807
0.06355524,-1.4052694,1.1038175
-0.23513699,-1.3943018,0.7585411
-0.44468737,0.20936263,0.598856
-0.002658844,-0.3425498,0.08753586
-0.08444548,0.4963472,0.114249706
-0.19348335,0.24870932,0.32901192
-0.2448802,-1.9262714,0.35919952
-0.050994873,-0.60457516,0.038352013
-0.5459533,-0.6106422,0.5286684
-0.099647045,-0.6007347,0.24947548
-0.94637203,-1.4662662,0.55499506
-0.3114791,0.1479826,0.3398738
0.23888826,-1.0514436,-0.8014531
-0.31292772,-0.73881245,0.11990547
0.29312325,0.31935358,-1.3528862
0.44962072,-0.21239662,-0.59003496
0.35058165,0.91828156,-0.21673155
-0.034584045,0.2889037,-0.32105112
-0.44044876,0.39175725,-0.08135748
0.23755884,0.5633116,0.021481037
-0.30764914,-0.44393206,0.08729792
-0.40681934,-0.12782335,-0.18776321
0.42916632,0.23997378,0.6061373
0.060145855,-0.28618336,0.2515545
1.3256159,-0.15097952,-0.062719345
0.16192865,-0.04452896,0.24026823
2.136982,0.066503525,-1.2252884
0.701123,-0.16429663,-0.12376833
2.7486851,-3.2356162,-1.9011033
1.0818868,0.2736082,-0.4873364
0.25723743,-4.7941036,-0.28891063
1.0518274,-0.8847151,-1.0138712
-3.3092499,-3.2982893,0.41146612
-0.17957401,-2.138485,-0.08755565
-4.109605,-5.174837,1.1989088
-1.995779,-0.12626743,0.2739048
-0.12654924,0.61485004,0.24731636
-1.0248809,-2.4136505,0.31917286
1.0663695,4.6395826,-0.61703587
0.36376047,1.5366421,0.012685776
0.64958954,4.7835283,-0.987869
0.46477032,2.0195022,-0.46368456
0.00785017,3.3242972,-0.2768383
-0.076187134,1.5667324,-0.13886929
0.4446373,1.2034383,-0.021455526
-0.03261566,1.1134331,0.1410296
0.44647408,0.7953403,-1.0390381
0.2489686,0.17651081,-0.2788477
0.1884532,-0.029536247,-0.3745954
0.031737804,0.5557051,-0.32708168
0.64242125,-1.9335885,-0.3947394
0.23646832,-0.39780188,-0.0212574
-0.12140751,-2.0519686,-0.8303149
0.3252914,-0.35711098,-0.0870378
-0.6069913,-2.0611687,-0.79886436
-0.29960155,-1.4340696,-0.94950795
-0.6560283,2.3413744,-0.7547848
-0.22219276,-0.2391367,-0.014181823
0.35579062,2.0519161,0.0016496629
0.07600975,1.5216179,-0.5000028
0.30453825,1.9943397,3.6133842
-0.3413968,-1.1998024,0.45696378
0.094092846,-0.66674185,-4.37796
0.9872539,0.36241388,1.6478727
-5.10658,-5.160181,-2.9201193
-0.5958996,2.5784097,-2.2151737
-3.4735355,-1.6089969,4.5628133
-11.22373,-2.791891,-4.2539773
1.0957708,-1.3531733,2.6496603
0.043941498,9.13522,2.2412775
1.4991188,-0.9752102,-1.6454835
-1.3221416,2.3638291,-0.1766401
7.576823,-2.872561,6.294984
-1.2217627,-3.3033075,3.733058
6.243617,-1.0844183,2.6940827
2.7869391,1.0711694,-0.21106863
2.6555142,-7.368163,2.943286
1.656625,-0.82667446,6.327342
-0.5134206,-9.97257,1.2806511
-0.14624691,-3.5477085,-1.6580944
-5.3753986,-9.026398,2.254695
-0.33277273,-2.6632824,2.713273
-2.8822222,-4.2082596,1.2216444
-3.019887,-2.3761024,0.720561
2.1508222,5.9813786,-0.9991121
-0.33044434,-0.84080315,1.5548058
6.587282,10.209362,-3.8132467
1.6584702,5.5793753,-1.0736752
2.1815243,11.532575,-5.76669
2.6449914,6.93342,-0.81763935
0.8147929,4.627393,-12.69273
0.14605653,4.00502,-6.3933926
0.10267007,3.7047687,-9.93439
0.19442117,0.45569044,-5.13371
-5.2110014,3.6994529,3.168428
-0.2091713,3.0541153,-2.0312395
-0.5292001,-1.7335862,-2.0094442
-1.133946,0.83804417,0.2523737
0.3269577,-1.2686884,4.4074926
-0.7560892,-1.6378645,0.5667982
2.9775438,-0.80766386,1.3097057
1.0521431,-0.40811235,2.194288
3.0422904,0.6673753,0.46505117
1.2851169,0.14058214,-0.6462569
3.643419,1.6712949,-0.3967495
2.000814,0.0016233921,0.5030308
6.076586,13.604702,-13.398178
3.2868257,10.607048,-11.8355465
-2.985164,-1.128828,2.2380295
-11.859658,-10.90298,16.061104
-15.74196,-23.445417,19.475906
-26.720112,13.201309,28.156754
-29.386768,5.2907906,-38.666714
56.000355,-53.756023,4.1599364
-6.349821,41.032272,2.135252
12.186041,1.2383735,-5.173249
17.64249,-11.217524,16.081772
17.15067,3.188253,10.929766
12.212986,6.379925,-1.457056
1.8189316,7.5920944,-2.4908547
-8.267124,6.788092,6.0856857
1.8280544,-28.780647,13.494631
-3.2859402,11.974873,6.728863
-3.5770645,0.3089304,-2.8738346
-1.1661539,-4.8818226,-5.1444035
-3.6469617,-0.41068268,-2.6641808
-4.729023,1.5376031,-2.3179903
-3.2518215,0.6408334,-3.8784828
-1.5770428,0.35343885,-5.427289
-0.6553483,1.6297777,-6.1733584
0.1138134,0.7090187,-5.726873
0.40381527,0.5181284,-3.705038
0.8115983,0.13087225,-2.9259133
1.3453269,0.07303214,-2.4027565
1.165935,-0.5401263,-0.794604
0.63434076,0.104812145,0.72954303
0.26653957,0.33369803,0.7227998
0.6026907,0.29937506,0.013631195
0.9220238,0.3846686,0.12517792
1.0451851,1.2268529,0.61335045
0.6704502,1.0916438,0.4339161
0.018435478,0.08726859,0.6929567
-0.20425415,-0.6505333,1.3965762
-0.005074501,-0.4822297,0.99494004
-0.04461956,0.30122423,0.1280415
0.02354145,0.07020044,0.14783502
0.122327805,-0.46992087,0.2539723
0.22385597,-0.2716359,0.01697445
0.16931725,-0.5982909,0.072155
-0.037204742,-0.55605483,-0.18672872
-0.10349083,0.25091124,-0.30031633
-0.04631424,-0.19950461,0.26901674
0.05156994,-0.36365533,-0.045414686
0.11881256,0.45525837,0.0061774254
0.11434841,0.39096415,0.29202366
-0.21641922,0.17973185,0.46577168
-0.7115841,-0.45958018,0.18623638
-1.1326847,-0.56381416,-0.19492793
-2.4625344,0.045215607,0.056056023
-5.5170693,0.8747617,0.32241368
-7.989886,0.8785635,-1.1619896
-7.5192213,0.53469956,-3.9293025
-5.3332806,1.1022232,-4.897463
-2.1307726,2.200937,-4.9777203
2.5819502,2.6053176,-2.4992752
3.8543477,0.8614192,0.89196634
3.5317237,0.09468603,2.570496
2.864025,0.11116505,1.1379297
4.8377953,-0.0024044514,-0.8377242
5.422204,0.7247665,-2.652235
3.4518232,2.94003,-4.562812
1.2790666,3.8398848,-5.638479
-3.916171,-0.01099205,-2.4977179
-7.3024144,-3.990986,6.177827
-7.4040847,-4.0344224,11.023791
-7.1504374,-1.0788548,11.537172
-7.463113,-2.6747816,8.563653
-9.083656,1.697483,-6.434342
-13.712492,-10.0349655,-0.38072538
-10.337397,-10.659157,7.180276
-5.2690544,3.4015722,3.3603516
-10.207733,0.86383486,6.1713524
-13.101875,-1.7716284,6.0320473
-6.635334,-4.097289,3.2889671
3.2616081,-4.623433,-4.7612495
15.715605,-6.7054462,-3.1988964
22.44348,-5.9816017,-1.8327732
13.111946,7.2885323,-0.6198187
6.9696817,6.4267936,-5.108474
3.9641352,4.8639703,-5.2261567
3.3123856,3.3780265,-3.4979692
2.267027,3.324944,-1.5491705
1.9810686,2.1616745,-0.23451853
1.965075,1.5627491,0.5333085
1.5778966,0.48684263,0.97415257
1.1370339,0.08020353,0.3690982
0.37987185,-0.078914165,-0.09321928
-0.23342323,-0.38914108,-0.19603443
-0.93851995,-0.45437765,0.20091534
-0.8917875,-0.16055727,-0.118112564
-1.2832594,0.1669259,-0.28398323
-1.9459858,0.469985,-0.31352663
-2.701105,1.0179014,-0.6021166
-2.116376,1.5692981,-1.0473034
-1.4356918,1.0748358,-0.95221543
-1.8581352,0.6649103,-0.38876843
-2.6019754,0.6492568,-0.1783266
-2.0989037,0.16729355,-0.4052639
-1.1992626,-0.30052114,-0.10001087
-0.9376106,-0.6489558,0.5243921
-1.0582237,-0.7110636,0.44900036
-1.046545,-0.36467576,0.09735632
-0.49970436,-0.2655704,-0.26253724
0.42488098,0.116573334,-0.46682024
1.0702477,0.3948555,-0.5086887
1.8709526,0.7445725,-0.6994394
2.815508,0.99750483,-0.88434356
3.2591324,0.987765,-0.6594495
3.422001,1.1454865,-0.41438633
3.4572835,1.0395693,-0.15335011
3.386395,0.75879395,-0.11959618
2.790934,0.57909775,0.10120404
1.6850672,0.20207083,0.121465325
1.4354668,0.27642512,0.2187084
1.2098339,0.2688495,0.20586157
0.48315907,0.17053151,0.036749482
0.98189664,-0.25707686,-0.10519278
0.50429845,-0.9766424,0.17937517
-0.5200081,-2.319763,0.7767489
0.31688523,-2.9541135,1.1161642
-1.4321456,-1.7787757,0.80474997
-1.0314951,-0.1975913,0.026239634
-1.0891976,0.2275002,-0.12417698
-0.26804543,0.7569835,0.32658315
-1.8019047,0.7189095,0.7866864
-0.35642862,0.07856226,1.6281796
-2.5142899,-1.3624904,1.3239765
-0.8430004,-1.4864421,0.6558089
-1.5707502,-0.6647849,-0.3004589
-0.8995533,0.21503448,-0.8419843
-1.5425892,0.58198595,-1.0858972
-0.020382881,-0.071893215,-1.4090209
-6.1559925,0.9024751,-1.2250866
-0.98711395,-0.45364642,-0.6813921
-1.2216845,-1.5912471,-0.21084452
-2.8152256,-1.5071979,0.78902984
3.610302,-0.8879919,2.374372
0.8120146,0.4920292,1.3188682
3.1628885,0.009973049,0.533021
1.8419056,-0.087087154,-0.13847303
2.013917,1.1195302,-1.0156574
1.299633,-0.45876646,-1.6337502
1.882916,3.5049338,-0.94446874
0.55537605,1.401931,-0.7055912
2.1068473,1.2573235,0.74820423
0.8565173,1.3088104,1.7675056
0.75043297,-0.8187659,1.2721744
0.44503498,0.06438887,0.40660286
0.80580044,-0.34799266,-0.35575438
0.24296522,-0.34989524,0.38829708
-0.56314564,2.5663657,-1.4998314
0.32145548,-0.16256255,-1.6203089
-1.731082,3.080057,-1.3909568
-1.1599903,1.523808,-0.9928757
-0.45585537,1.9543698,-1.2544852
-0.5782852,0.27166414,-0.8702913
0.6565318,0.083459854,-0.35778886
0.5136504,1.5136857,-0.4281825
-0.4343438,-2.7638974,1.282769
0.019284248,-0.972104,1.9456723
-1.0403404,-1.3300643,1.5547528
-0.28427792,-0.9048712,0.68551946
-0.4209757,-0.27572438,-0.20636106
-0.462492,-0.14735013,-0.4860301
-0.9579439,0.15392676,-0.29726887
0.024348259,-0.35657677,-0.22242999
-0.01659584,1.2351269,-0.15767789
-0.4902277,0.64031684,-0.08559084
0.18731308,-0.4176333,1.3518636
0.2516575,0.1786108,0.918823
-0.503953,-0.7345773,0.47006035
-0.13099384,-0.45480657,0.41882515
-0.29835606,0.8366885,0.2205472
-0.11280155,-0.014611065,0.16106987
-1.0497932,1.5627775,-0.18651819
-0.20911598,0.5175066,-1.2869759
0.816185,1.0529127,-1.6158581
0.8625269,-0.050908804,-0.70011044
0.40185356,-0.87074375,0.33339667
0.4073515,0.28088617,-0.5680938
0.32046413,-1.0046923,1.3295996
-0.030875206,-0.63993853,0.41730595
0.52726746,-0.48157817,0.7773278
0.3665638,-0.20861125,0.45305347
-0.2603283,-1.0682075,0.081562996
0.13218594,-0.3833242,0.52261305
-0.06403351,-0.44758964,-0.18497372
-0.3229227,-0.29258657,-0.43250203
1.150938,-1.1112257,0.6395073
0.2631235,-0.102865756,0.6498542
1.691494,-1.9229686,0.40518093
0.6320629,-0.61165524,0.27004194
1.254941,-1.3767214,-0.3374257
0.66832066,-0.7906966,-0.6020894
0.010942459,-1.0469437,-0.9905915
0.35483265,-0.522944,-1.421575
-2.4145737,-1.8991513,-1.1442482
-0.32562494,-0.16737032,-0.35690808
-2.8638573,-3.553236,-0.27285743
-1.207695,-1.6795435,-0.13019228
-0.480258,0.35778236,-1.1436672
-1.2543192,-0.8497515,0.18589425
2.5131102,1.3102298,-1.4715438
2.1676764,1.3625898,-0.8682382
1.1651311,1.1739187,-0.2584084
0.9678664,0.44944668,1606.259
0.09692383,0.7412038,-577.7612
0.049773216,0.37783623,-369.7488
-0.33282995,0.56359625,-236.43546
0.10264015,0.20134354,-151.52249
-0.5993242,1.0221841,-96.61277
-0.3759055,0.1684618,-61.844433
-1.0419664,1.2738876,-40.014076
-0.19491386,0.48431396,-25.386826
-0.4204769,1.529663,-16.846697
-0.4943514,0.56526613,-10.5857525
0.2229805,0.9317819,-7.0215807
0.13351345,0.7618277,-4.5658298
0.42255306,-0.6049526,-2.2157454
0.08349371,0.018886805,-1.7934883
0.6816745,-1.1018867,-0.5211263
0.4439335,-0.34358716,-0.30287504
-0.028469563,-1.1637859,-0.6673173
0.1503315,-0.42917156,-0.2830479
-0.16427755,-0.78492165,-0.3910743
-0.11279869,-0.4487195,-0.19972199
-0.32501888,-0.47871685,0.32420325
-0.011878967,-0.11331034,-0.20163107
0.28200054,-0.47704315,-0.03863883
-0.23936701,-0.29764652,0.20358229
0.20076466,-0.05718422,-0.20681095
0.42268848,-0.15305185,-0.25494212
-1.9375076,0.111970425,0.31031442
-0.50144196,-0.14745617,0.12964833
-2.0646677,0.43120337,0.26991415
-1.0011387,0.23153353,0.04556501
-0.34499645,0.0026140213,0.3187641
-0.7877445,0.16869259,0.26376832
0.6098175,-0.40075684,-0.04724109
0.29987812,-0.16914368,0.07242906
0.046354294,-0.16647863,0.5336225
0.044989586,-0.3609066,-0.12736201
1.4553537,0.31911135,0.3812394
0.18520164,0.10463238,0.32980156
1.6033168,0.09301376,1.1074622
1.1333828,0.3108244,-0.2320497
0.8556099,-1.3716683,0.13955832
0.07717705,0.39393234,0.297709
1.5295844,-0.33475018,1.0302281
0.7950597,-1.4553943,-0.091475725
1.864914,0.33728313,1.1810775
0.16384745,-0.8015785,1.4684038
0.96294427,-3.510168,-0.35040903
1.8834876,0.41048145,-13.090894
4.087668,5.066435,15.467311
-2.6473055,-19.746416,-13.946404
-5.0791025,-7.719059,9.24725
1.3891466,10.911333,-5.6765914
-1.194859,-8.886665,0.3003676
-2.3276448,-3.1132202,3.4008489
-1.1066198,-2.9792557,5.5690312
-2.2497206,3.9343624,2.2448797
-1.8121672,-4.656185,0.71961117
-0.25726795,0.9197178,0.86660814
1.2098117,-6.6330605,2.3657951
-0.09606075,-1.868576,0.05690193
1.9550138,0.20156097,0.8638525
0.26288223,-4.519968,2.2812881
3.3216958,10.363054,-2.8901448
1.8454766,2.8001003,-1.615253
3.7905936,16.731882,-7.8172064
1.4039432,4.71409,-2.6065118
-0.39626074,8.122604,-4.5136285
0.7822206,8.282966,-1.5387757
0.4102162,3.2692828,-10.347102
-0.6859486,0.5002925,-2.8021488
-3.7441545,2.8990297,0.75635386
-0.116212845,2.5556355,-2.5728502
0.0665946,-1.6220402,-3.0256844
-1.0054655,-0.1662333,-0.1451931
-0.1363101,-1.4609329,3.981433
-0.6189432,-0.600958,0.19298935
2.4968386,-1.639558,2.9015532
0.29399872,-0.72906876,2.508217
2.8604715,-0.5202341,0.9754877
0.8285848,0.4699697,0.061962605
3.5550332,0.006581098,1.0141914
3.980659,4.895279,-3.3118849
4.81541,7.1782217,-6.8972836
5.81087,12.842375,-14.323576
1.5277843,7.223131,-7.7037525
-9.5919485,-3.1443672,10.464509
-19.002415,-20.127117,24.49942
-23.868233,-16.146664,14.994697
-22.146458,33.56622,-3.7021313
-1.978241,-59.500633,5.970886
9.444626,9.679514,-0.92872906
17.049461,15.282895,-12.517128
23.761433,-14.588473,23.17725
21.2001,15.6182375,-5.1138997
16.595867,15.565542,-4.7837324
5.9294853,1.8224282,4.278076
0.50964165,-14.715822,12.924627
-5.0153894,-5.1813474,9.433237
-4.34834,-3.7067966,1.5614548
-1.9876795,0.102297306,-3.133255
-3.1108627,2.6259253,-4.4385586
-4.378258,2.5616589,-4.392886
-4.412521,1.0127549,-4.5398703
-2.9527252,0.9852667,-5.518071
-1.1404548,0.92017317,-5.534267
0.5572319,0.55826473,-5.700927
2.3394108,-0.45788836,-4.273767
2.896203,-0.5244243,-2.6524675
1.8903456,1.538358,-1.103051
0.16633224,1.6327075,-0.42094684
-0.44517136,0.29717565,0.041648626
-0.39370203,-1.126044,0.55223024
-0.13704777,-0.38816142,0.7319028
0.29382896,0.6249815,0.79785997
0.96492195,1.0741954,0.41256386
1.1860294,0.028600693,0.9995397
0.30396938,-0.45517302,1.0273745
0.19454098,-0.2913108,0.6575197
-0.25090504,-0.2370044,1.032196
-0.45784378,-0.33402526,-0.09021616
-0.4814911,0.022196293,-0.4025036
-0.4583187,1.2752795,-0.16260052
-0.48792458,0.48367226,-0.3951993
-0.6478429,-2.6385741,-0.8796339
-2.6670847,-1.2198067,0.4897169
-6.575017,2.4141464,1.0764987
-9.082223,1.7687681,-2.0507739
-8.748488,1.4614537,-4.9593434
-5.341608,3.7118382,-6.414771
-0.09509468,3.5860848,-4.277071
3.6901832,1.2041049,0.2874136
3.9828796,-1.3332057,3.2761045
2.8585658,-2.0223882,3.017613
2.1144881,-0.99553216,1.761188
2.75072,-0.7122228,-0.6778765
5.050286,0.51105165,-4.5970707
7.350976,5.2962866,-8.133521
2.5502262,6.5078316,-6.831213
-5.886798,0.59784317,0.72901344
-9.622428,-7.5868163,6.974201
-9.492615,-4.899999,9.513914
-8.845654,-0.3901373,7.0879574
-10.513977,-3.2453132,0.21830219
-15.084518,-4.0184107,3.2793736
-14.716774,-13.13232,4.0294833
-9.395748,-8.023144,5.00908
-10.628536,4.754582,4.4530945
-13.817081,5.3566885,10.788771
-3.3496819,0.10781002,9.206312
8.228268,-5.6847467,-0.47921753
20.552204,-8.841892,-4.3749285
22.514168,-1.8081703,-3.2611742
12.6975,4.7497463,-4.715028
4.8856106,9.441741,-4.0335255
3.42099,6.796601,-2.6580706
3.107275,0.4578104,-2.1654491
3.2803755,-0.41185427,-2.3037286
2.9851027,-0.52714014,-1.4054332
2.4207177,-2.427412,-0.14559126
1.1324763,-3.1256723,0.18876266
0.47042465,-1.0243626,-0.5901742
0.002275467,0.8904877,-0.7270732
-0.8842068,1.6440468,-0.4270196
-2.3724623,1.8060765,-0.21046877
-2.802434,2.3434126,-0.3017192
-2.127596,2.3318167,-0.8198068
-0.95407295,1.5643804,-1.0916233
-0.63512325,0.7361176,-0.7691245
-0.7129364,0.6350701,-0.032553196
-0.8041096,0.33749175,0.20134783
-0.99117184,0.13784814,0.18402505
-0.9975023,-0.2534778,0.31390882
-0.8452606,-0.25109863,0.30816197
-0.8688755,-0.0074739456,-0.24101114
-1.4356155,0.067234516,-0.22626448
-1.4045277,0.088998795,-0.24134374
-0.7885723,0.2668829,-0.3276086
0.51581955,0.3883903,-0.4211254
1.6923304,0.44010592,-0.44113684
2.2200499,0.40118623,-0.3788619
2.5256128,0.30119562,-0.4048941
2.488266,-0.026352286,-0.3771186
2.099678,0.0061188936,-0.36547124
1.892353,0.36553645,-0.40705025
1.9220881,0.8606496,-0.22067273
1.7633724,0.54468656,0.30773008
1.6740532,-0.01914996,0.48808217
1.3242216,0.6221117,0.45334315
1.5048537,0.73678744,0.06642556
1.6786852,0.90058494,-0.46467543
1.500335,1.0406579,-0.8030476
1.2007837,0.39020908,-0.6962929
0.91866577,-0.19922692,-0.2939309
0.97255063,-0.0049221516,-0.26319793
0.91816425,0.050480008,-0.11788109
0.13866448,-0.67561036,0.8546556
-1.2535398,-2.0321007,0.8273885
-2.2548757,-2.0697536,1.231317
-2.8022609,-1.327707,1.0439353
-3.4100118,-2.9014678,2.2969418
-3.0680714,-2.4254184,2.338851
-2.0922775,-2.5283365,1.4064598
-0.6893673,-1.4265995,0.7683573
-0.985157,-1.3374672,0.8840151
-2.4554567,-3.5895824,3.025094
-1.5071363,-3.9797869,2.3666334
-0.3761673,-0.90598106,0.24131203
0.22506905,0.4391451,-1.2001038
1.1339035,0.9552603,-1.6491327
1.5117626,-0.14405155,-0.9297967
2.1044865,-0.19025898,-0.892334
2.2938266,1.4764128,-1.306593
2.4824247,2.083396,-1.3909087
2.1679568,1.9738703,-1.4234185
2.5275154,2.0386152,-1.4350307
2.2121384,1.936017,-1.4823022
2.2539306,1.809063,-1.5692503
2.478343,1.6220839,-1.5145725
2.4503508,1.2756386,-1.5853066
2.2102537,1.3695652,-1.5631558
1.9140885,1.1247523,-1.1689715
1.5559909,0.9297651,-0.90290296
0.98817277,0.58738816,-0.40777385
0.2754073,-0.10674262,0.21863127
-0.6925473,-0.96317196,0.31613725
-1.7763221,-1.8070188,0.07821238
-2.318241,-5.373352,0.43159595
-6.4283714,-10.30973,2.833612
-11.184139,-11.250256,1.2649522
-9.539028,-7.9755,3.060502
-4.4868813,-2.1699886,2.442925
0.10716629,4.410923,-0.0055918694
3.3308296,7.6052656,-1.9051496
3.818781,6.422644,-2.0482643
3.0308867,5.0176067,-1.2587914
2.5051818,3.7674909,-0.7841745
2.4414783,4.559464,-1.0121241
2.3164325,4.9989057,-1.0338962
1.908493,5.008933,-0.7275821
2.0212905,2.980471,-0.19443735
1.2660449,2.4223504,-0.44162375
0.8102689,1.5503044,-0.2826392
0.88019264,0.83130455,-0.32185972
-0.48016572,0.030976295,-0.2488944
-2.8202605,-0.36171484,0.5670126
-5.3445544,-3.1443791,1.3021812
-9.272326,-6.3641043,2.4530258
-9.040239,-7.447127,2.9811745
-5.1161423,-6.4715986,3.3360453
-0.55451584,-5.1945076,2.3924932
3.354782,-1.251297,0.48004627
5.0982485,2.5855303,-0.46810913
5.43873,3.269773,-0.35322
4.8445253,3.4747787,-0.88188076
3.989224,2.8781457,-1.3336132
3.4724762,2.5146883,-1.766757
3.186195,2.3341732,-1.4754897
3.1868494,1.929041,-1.3319826
2.6816125,1.5793511,-1.3765117
2.3812456,1.2390958,-1.8080025
2.3989344,1.071898,-1.8895559
1.656369,0.35504028,-1.3778677
0.46708012,-0.59408116,-0.96304655
-0.2450316,-1.2720041,0.016485572
-1.4347494,-1.4852252,1.5213878
-3.7315226,-3.662696,2.5274293
-11.485374,-5.542013,2.7162063
-13.231567,-4.309969,1.4640923
-4.8290157,-1.6888418,1.4763846
-0.7262478,-0.98279285,1.7416768
2.2427568,0.19538403,0.30102777
3.333871,1.1945839,-0.2578349
3.1832952,1.4923716,0.33144712
3.7075047,1.9342504,0.33624172
3.6476674,2.7119827,0.1630969
2.3850727,2.5140722,-0.3844185
1.9677465,2.578945,-0.9095087
1.5566223,2.7093365,-1.0540304
1.1893067,2.2702765,-0.79256606
0.9419663,1.7716932,-0.5746629
0.48946905,1.0067037,-0.27584672
-0.2782035,0.01758413,-0.1550901
-0.62547874,-0.72424495,-0.15595245
-0.66845703,-0.94465566,-0.23005414
-0.8430624,-0.7149043,0.025913954
-1.5784521,-0.4529419,0.32457495
-2.7248402,-0.9778807,0.57700944
-2.631094,-0.7484267,0.20073414
-1.2073584,-0.11124349,-0.12895465
-1.7150669,-0.091115475,0.13505435
-1.7825766,0.039752483,0.37756968
-1.491744,0.48206377,1.151824
-1.4925499,1.5527396,1.6212978
-0.34078407,2.153696,0.80165815
0.40247536,2.498469,-0.54881525
0.23000336,2.6271863,-0.8415742
0.10583019,1.776401,-0.6351416
0.77565,0.8886659,-0.095436096
1.3253841,0.4737444,0.19941044
1.7032633,0.43803787,-0.12520552
1.4241276,-0.11498642,-0.5015111
1.109107,-0.41375923,-0.85113907
0.93813896,-0.52989197,-0.95997953
0.8302522,-0.6777668,-0.7231792
0.54515266,-0.66667867,-0.13645697
0.18034601,-0.6595824,0.19154406
-0.31515217,-0.46197224,-0.019914627
-0.46525097,-0.19299865,-0.18436217
-0.5000229,-0.26448977,-0.3371091
-0.061058044,-0.19838679,-0.43333495
0.35778618,-0.2127757,-0.06894302
0.71012163,-0.042706847,0.18418741
1.026022,-0.19741642,0.16538095
1.2312627,-0.4113524,0.44754434
1.2676148,-0.40883297,0.60820913
0.8603072,-0.23713648,0.49651408
0.53833866,-0.47967726,0.3790605
0.5146203,-0.51844937,0.22114658
0.5316191,-0.73633194,0.22580957
-0.04590082,-1.2144127,0.5122676
-0.28833342,-1.4698188,0.5071287
-0.40365124,-0.96213603,0.47012997
-0.506567,-0.61729956,0.23346233
-0.89881134,-0.49467063,-0.15550947
-1.1452503,-0.52651286,-0.14089775
-1.2049055,-0.6633458,-0.099368095
-1.2691336,-1.014473,0.20455503
-2.1070309,-1.626863,0.68253946
-2.6999788,-2.1245208,0.66820097
-1.6207256,-0.93524885,0.49047232
-0.29103947,0.07718086,0.28632116
0.12938595,0.6806989,0.43913746
0.013854027,0.82944536,0.5645213
-0.16887856,0.45116615,0.14983797
-0.12647057,-0.036098957,-0.20902872
0.25922775,-0.37246513,-0.44636536
0.9458418,-0.36709023,-0.21978569
1.7852011,0.38870382,-0.31074715
2.2365832,1.0271733,-0.5038042
2.2128806,1.182966,-0.62276316
1.972465,1.0666206,-0.6544609
1.6056104,0.61981344,-0.47401714
1.2390466,0.70467067,-0.47958446
1.0044453,0.95511234,-0.49693823
0.81752586,0.8809548,-0.44828486
0.40523028,0.7660732,-0.36198473
-0.15896726,0.60980535,-0.47683644
-0.1967411,0.27075678,-0.4706626
-0.5166478,-0.120915174,-0.17404413
-0.78574467,0.09423071,-0.07001662
-1.1464376,0.22119796,0.019545317
-1.2393751,0.072613716,-0.008943081
-1.3815994,-0.01788336,0.032583475
-2.1698132,-0.07580149,-0.15229511
-3.126296,-0.31513125,-0.34263515
-3.2986784,-0.40394616,-0.71115124
-2.9692345,-0.6615175,-0.88877475
-2.8227491,-0.9795923,-0.5473638
-2.1942291,-1.3134046,-0.45450848
-0.8986511,-1.3477669,-0.16064095
0.2247181,-1.1874161,0.37679625
0.94980335,-0.9269657,0.8678559
1.0736895,0.29087305,0.27501893
0.68716145,0.18615866,0.17601216
1.2626228,0.95117426,-0.70099765
3.2536116,2.1195884,-1.1274426
2.8714418,1.2875836,-0.5055105
2.4230576,0.4593687,-0.14578119
1.9506845,-0.027784705,-0.08717078
1.5211859,-0.38093472,-0.24426088
1.2447743,-0.6284027,-0.38310575
0.894722,-0.87412286,-0.20534816
0.5864134,-0.82299256,-0.14368114
0.34159374,-0.6477659,-0.16703811
0.13740873,-0.26747036,-0.086984634
-0.33803415,-0.10376024,0.49135706
-0.57642984,0.06996727,0.88448006
-0.48383713,0.00340724,0.55074435
-0.5808706,-0.23225951,0.8719224
-0.92184925,-0.26050282,0.991668
-1.362257,-0.4609213,1.3854895
-1.4694376,-0.70564365,1.6988268
-1.6652126,0.023397923,1.499435
-2.4601192,0.47772598,1.2354507
-2.5980463,0.80986786,0.5853615
-2.1040487,1.0408258,0.37769556
-0.8026285,0.74121094,0.4286642
1.4154692,0.23074102,0.072083
2.3661718,-0.00861907,-0.7092848
1.6951609,-0.39625,-0.8875804
-0.20528412,-0.4696529,-0.77337813
-1.0538197,-0.280658,-0.79529047
-1.0575161,0.0011889935,-0.74189377
-0.61092186,0.15245748,-0.8471582
0.10087395,0.10370207,-0.6525061
0.6836052,0.19661427,-0.61373675
1.261879,0.5043087,-0.63029647
1.6350384,0.601634,-0.6102488
1.5091772,0.49996758,-0.45644772
1.5236268,0.43336868,-0.28752983
1.2463355,0.26816225,-0.22845542
0.99378777,0.09347701,-0.35153818
0.6881223,0.13031065,-0.37055194
0.366848,0.034365535,-0.15900654
0.07695675,0.09707594,-0.11555475
-0.17139769,0.14027536,-0.07855189
-0.53107405,0.26752174,-0.021159708
-0.9619961,0.18347228,0.118234694
-1.458437,0.099034905,0.24575424
-1.462039,0.25338626,0.15881503
-1.5501528,0.14224744,0.16906238
-0.9568548,0.15386224,0.053037524
0.0035934448,0.096939564,-0.116220236
0.18004513,0.47422716,0.17078531
0.3496704,0.36020005,0.2334181
0.51339245,0.052782476,0.074305415
0.5262375,-0.5500214,0.25441444
0.5237322,-0.8806534,0.64396405
0.5696287,-1.1305652,0.79061246
0.4825487,-0.7159002,0.5902679
0.040680885,-0.41527224,0.5049515
-0.638978,-0.1431911,0.63115907
-0.9360533,0.1872344,0.59088063
-0.49181366,0.4569335,0.42872906
0.13420105,0.580508,-0.119411945
0.6267872,0.49717283,-0.65409684
1.1412392,-0.7130399,-1.2062185
0.7457161,-0.018110752,-0.782706
0.21217251,-1.295649,0.0031912327
0.20627499,-0.43235254,-0.26764047
0.23008251,-1.0413177,0.20412087
-0.051944733,-0.60515165,0.19805789
0.29313278,-0.32140875,-0.04485941
0.16768551,-0.548934,0.0616951
1.1247582,0.2140975,0.033355713
0.19580221,0.035891533,-0.026153326
0.47927237,0.21450663,0.6835182
0.5917406,0.08058977,0.037523985
0.093708515,0.17416072,0.68749666
-0.47479534,0.08694601,0.40015864
-2.951664,0.21500373,0.242311
-0.9099331,-0.050869465,0.18266034
-1.56149,0.15591526,0.034159422
-1.9355812,0.47213197,-0.111447334
-1.2525625,-0.09469867,0.5569124
-1.55093,-0.074397564,0.27214813
-0.24330616,-0.27899027,-0.71148825
1.0256796,-0.18315077,0.14530468
1.3842726,-0.1356039,-0.92291284
0.7373028,-0.1511426,-0.5263083
-0.25289822,-0.032375336,-0.37054777
-1.0735674,0.44969273,-0.21876311
-0.71466446,0.7444258,-0.46332133
0.06665802,0.5361917,-0.2199111
0.69235134,0.09646416,-0.45179796
0.8690815,0.09851217,-0.056242585
0.97146225,0.25305152,-0.612136
0.9879532,0.0929997,-0.22934449
0.9050369,-0.343472,-0.14218366
0.7232599,0.11268473,-0.14309537
0.36175442,-0.3032925,0.014146924
0.16410255,-0.20023656,0.03663516
0.14639759,0.06491709,-0.12978244
0.14732456,-0.041196585,-0.16427213
0.5110712,-0.28532267,0.73609257
0.20756626,0.02578473,0.023670793
0.2523613,-0.19188929,0.23426664
0.46030807,-0.09829259,0.35219288
0.4233098,-0.74017906,1.0727592
0.28011227,0.26331615,-0.22208166
0.15169096,-0.5685086,0.766515
0.060307026,-0.7162719,1.4896221
0.35731316,-0.27147484,1.0069885
0.8324027,0.080616,0.15567207
1.0782332,-0.5352726,2.283142
0.9137831,-1.2313023,0.07755327
0.9020052,-1.2814307,1.433291
1.3097177,-0.6055951,1.0169048
1.5017004,-0.31249762,0.48839712
0.92431355,-0.2827425,-0.22679138
0.19010115,0.7430148,0.4371233
-0.13576007,0.38972187,0.7195263
0.12610173,0.33522987,0.020729542
1.2636323,0.79068804,-0.93368816
1.3251061,0.71443176,-0.46731615
1.0304104,0.54457664,-0.27150106
0.5537348,0.45272446,-0.54917145
0.23793632,0.0016732216,-0.13235235
0.23349053,-0.0847373,-0.5244727
0.26282334,0.41771317,-0.09049606
0.26780576,0.5416157,-0.09928942
0.34914124,0.8201115,-0.2857275
0.32917833,0.46970892,0.41932344
-0.0069109127,-0.45633698,0.109009266
-0.41201186,-0.5801263,0.22912359
-0.5011924,-0.34676456,0.15583277
-0.50463796,-0.5406451,-0.17607927
-0.379663,-0.5605335,0.84192514
-0.35177684,-0.5977783,0.8345642
-0.74458313,-0.35499668,-0.87711763
-1.052674,0.19724607,-0.79886055
-0.74879336,-1.2099185,0.62722015
-0.38729024,-1.3397622,-0.40456295
-0.3719809,-0.84978676,-0.85498095
-0.05878997,-0.5760417,0.67251444
0.091086626,-0.11737156,0.33081055
0.09813523,0.48110294,-0.18820858
-0.0950191,0.6404133,0.01745224
-0.48985314,0.7025318,-0.12673664
-0.35181355,0.1738081,0.5287399
-0.4979086,-1.4716167,1.4309158
1.008301,0.5613408,0.6215873
1.2858096,1.3230677,-0.032757282
1.2136521,0.35949564,0.86623096
1.1046473,-0.3368702,0.8960886
0.71770036,-0.5910082,0.15518188
0.13907987,0.35265684,-1.0529647
-0.04123348,0.54748154,-1.190279
-0.23937756,-0.62567997,0.32154942
-0.10876536,-0.3514018,0.5888643
0.07289308,-0.007311821,-0.34483528
0.066571355,0.70477057,-0.481184
-0.17804396,-0.06073141,-0.14093828
0.07452333,0.072989464,0.19786978
0.04769492,-0.026836872,0.060748577
-0.19931865,-0.026369572,-0.033138275
0.22792715,0.4075675,-0.27556896
0.1351474,0.24705267,-0.13499212
-0.11883235,-0.36899376,0.068365574
0.11701578,0.033526897,-0.20294428
-0.027773261,0.18694401,-0.12988424
-0.059146702,-0.10866642,0.2432518
-0.17116308,0.0055356026,-0.098679066
0.04981363,0.1935463,-0.42477465
-0.021749377,0.031931877,0.18323374
-0.052226663,-0.21400404,0.051381588
0.21327347,-0.161479,0.28264713
-0.010604739,0.13722324,0.1471839
0.07442427,-0.11597109,0.05589056
0.11198771,-0.2075305,0.19972515
-0.23631799,1.1052704,0.042015553
4.531741E-4,-0.0557065,-0.2550516
